/*

  Copyright (C) 2012 John McCutchan <john@johnmccutchan.com>
  
  This software is provided 'as-is', without any express or implied
  warranty.  In no event will the authors be held liable for any damages
  arising from the use of this software.

  Permission is granted to anyone to use this software for any purpose,
  including commercial applications, and to alter it and redistribute it
  freely, subject to the following restrictions:

  1. The origin of this software must not be misrepresented; you must not
     claim that you wrote the original software. If you use this software
     in a product, an acknowledgment in the product documentation would be
     appreciated but is not required.
  2. Altered source versions must be plainly marked as such, and must not be
     misrepresented as being the original software.
  3. This notice may not be removed or altered from any source distribution.

*/

class StaticResources {
  static final String UnitSphereMesh = '''{
      "header" : {
      "filename" : "dd3d_unit_sphere.3ds"
      },
      "meshes" : [
      {
      "indexWidth" : 2,
      "attributes" : [
      {
      "name" : "POSITION",
      "type" : "float",
      "numElements" : 3,
      "normalized" : false,
      "stride" : 0,
      "offset" : 0
      }
      ,
      {
      "name" : "NORMAL",
      "type" : "float",
      "numElements" : 3,
      "normalized" : false,
      "stride" : 0,
      "offset" : 12
      }
      ,
      {
      "name" : "TANGENT",
      "type" : "float",
      "numElements" : 3,
      "normalized" : false,
      "stride" : 0,
      "offset" : 24
      }
      ,
      {
      "name" : "BITANGENT",
      "type" : "float",
      "numElements" : 3,
      "normalized" : false,
      "stride" : 0,
      "offset" : 36
      }
      ,
      {
      "name" : "TEXCOORD0",
      "type" : "float",
      "numElements" : 2,
      "normalized" : false,
      "stride" : 0,
      "offset" : 48
      }
      ],
      "indices" : [
      2, 1, 0,
      3, 0, 1,
      0, 3, 4,
      1, 5, 3,
      4, 6, 0,
      7, 0, 6,
      0, 7, 2,
      6, 8, 7,
      11, 10, 9,
      7, 9, 10,
      9, 7, 8,
      10, 2, 7,
      8, 6, 12,
      13, 12, 6,
      12, 15, 14,
      6, 4, 13,
      18, 17, 16,
      16, 3, 18,
      3, 16, 4,
      5, 18, 3,
      19, 4, 16,
      16, 20, 19,
      20, 16, 17,
      21, 19, 20,
      24, 23, 22,
      22, 20, 24,
      20, 22, 21,
      17, 24, 20,
      19, 21, 25,
      25, 26, 19,
      28, 25, 27,
      4, 19, 26,
      31, 30, 29,
      9, 29, 30,
      29, 9, 8,
      30, 11, 9,
      8, 32, 29,
      33, 29, 32,
      29, 33, 31,
      32, 34, 33,
      37, 36, 35,
      33, 35, 36,
      35, 33, 34,
      36, 31, 33,
      34, 32, 38,
      39, 38, 32,
      38, 39, 40,
      32, 8, 12,
      43, 42, 41,
      44, 41, 42,
      41, 44, 45,
      42, 46, 44,
      45, 47, 41,
      48, 41, 47,
      41, 48, 43,
      47, 49, 48,
      52, 51, 50,
      48, 50, 51,
      50, 48, 49,
      51, 43, 48,
      49, 47, 53,
      54, 53, 47,
      56, 54, 55,
      47, 45, 57,
      60, 59, 58,
      50, 58, 59,
      58, 50, 49,
      59, 52, 50,
      49, 61, 58,
      62, 58, 61,
      58, 62, 60,
      61, 21, 62,
      23, 63, 22,
      62, 22, 63,
      22, 62, 21,
      63, 60, 62,
      21, 61, 25,
      65, 64, 61,
      68, 67, 66,
      61, 49, 53,
      71, 70, 69,
      69, 18, 71,
      18, 69, 17,
      5, 71, 18,
      72, 17, 69,
      69, 73, 72,
      73, 69, 70,
      74, 72, 73,
      77, 76, 75,
      75, 73, 77,
      73, 75, 74,
      70, 77, 73,
      72, 74, 78,
      78, 24, 72,
      24, 78, 23,
      17, 72, 24,
      81, 80, 79,
      79, 10, 81,
      10, 79, 2,
      11, 81, 10,
      82, 2, 79,
      79, 83, 82,
      83, 79, 80,
      84, 82, 83,
      87, 86, 85,
      85, 83, 87,
      83, 85, 84,
      80, 87, 83,
      82, 84, 88,
      88, 1, 82,
      1, 88, 5,
      2, 82, 1,
      91, 90, 89,
      89, 36, 91,
      36, 89, 31,
      37, 91, 36,
      92, 31, 89,
      89, 93, 92,
      93, 89, 90,
      94, 92, 93,
      97, 96, 95,
      95, 93, 97,
      93, 95, 94,
      90, 97, 93,
      92, 94, 98,
      98, 30, 92,
      30, 98, 11,
      31, 92, 30,
      101, 100, 99,
      99, 51, 101,
      51, 99, 43,
      52, 101, 51,
      102, 43, 99,
      99, 103, 102,
      103, 99, 100,
      104, 102, 103,
      107, 106, 105,
      105, 103, 107,
      103, 105, 104,
      100, 107, 103,
      102, 104, 108,
      108, 42, 102,
      42, 108, 46,
      43, 102, 42,
      111, 110, 109,
      109, 63, 111,
      63, 109, 60,
      23, 111, 63,
      112, 60, 109,
      109, 113, 112,
      113, 109, 110,
      114, 112, 113,
      117, 116, 115,
      115, 113, 117,
      113, 115, 114,
      110, 117, 113,
      112, 114, 118,
      118, 59, 112,
      59, 118, 52,
      60, 112, 59,
      121, 120, 119,
      77, 119, 120,
      119, 77, 70,
      120, 76, 77,
      70, 122, 119,
      123, 119, 122,
      119, 123, 121,
      122, 84, 123,
      86, 124, 85,
      123, 85, 124,
      85, 123, 84,
      124, 121, 123,
      84, 122, 88,
      71, 88, 122,
      88, 71, 5,
      122, 70, 71,
      127, 126, 125,
      87, 125, 126,
      125, 87, 80,
      126, 86, 87,
      80, 128, 125,
      129, 125, 128,
      125, 129, 127,
      128, 94, 129,
      96, 130, 95,
      129, 95, 130,
      95, 129, 94,
      130, 127, 129,
      94, 128, 98,
      81, 98, 128,
      98, 81, 11,
      128, 80, 81,
      133, 132, 131,
      97, 131, 132,
      131, 97, 90,
      132, 96, 97,
      90, 134, 131,
      137, 136, 135,
      136, 137, 138,
      135, 104, 137,
      106, 139, 105,
      137, 105, 139,
      105, 137, 104,
      139, 138, 137,
      104, 135, 108,
      140, 108, 135,
      108, 140, 46,
      134, 90, 91,
      143, 142, 141,
      107, 141, 142,
      141, 107, 100,
      142, 106, 107,
      100, 144, 141,
      145, 141, 144,
      141, 145, 143,
      144, 114, 145,
      116, 146, 115,
      145, 115, 146,
      115, 145, 114,
      146, 143, 145,
      114, 144, 118,
      101, 118, 144,
      118, 101, 52,
      144, 100, 101,
      149, 148, 147,
      117, 147, 148,
      147, 117, 110,
      148, 116, 117,
      110, 150, 147,
      151, 147, 150,
      147, 151, 149,
      150, 74, 151,
      76, 152, 75,
      151, 75, 152,
      75, 151, 74,
      152, 149, 151,
      74, 150, 78,
      111, 78, 150,
      78, 111, 23,
      150, 110, 111,
      155, 154, 153,
      153, 124, 155,
      124, 153, 121,
      86, 155, 124,
      156, 121, 153,
      153, 157, 156,
      157, 153, 154,
      158, 156, 157,
      161, 160, 159,
      163, 157, 162,
      157, 163, 158,
      154, 161, 157,
      156, 158, 164,
      164, 120, 156,
      120, 164, 76,
      121, 156, 120,
      167, 166, 165,
      165, 130, 167,
      130, 165, 127,
      96, 167, 130,
      168, 127, 165,
      165, 169, 168,
      169, 165, 166,
      154, 168, 169,
      172, 171, 170,
      174, 169, 173,
      169, 174, 154,
      166, 172, 169,
      168, 154, 155,
      155, 126, 168,
      126, 155, 86,
      127, 168, 126,
      177, 176, 175,
      175, 139, 177,
      139, 175, 138,
      106, 177, 139,
      178, 138, 175,
      175, 179, 178,
      179, 175, 176,
      166, 181, 180,
      184, 183, 182,
      182, 179, 184,
      180, 185, 166,
      176, 184, 179,
      181, 166, 167,
      167, 132, 181,
      132, 167, 96,
      133, 181, 132,
      188, 187, 186,
      186, 146, 188,
      146, 186, 143,
      116, 188, 146,
      189, 143, 186,
      186, 190, 189,
      190, 186, 187,
      176, 189, 190,
      193, 192, 191,
      195, 190, 194,
      190, 191, 176,
      187, 194, 190,
      189, 176, 177,
      177, 142, 189,
      142, 177, 106,
      143, 189, 142,
      164, 158, 196,
      196, 152, 164,
      152, 196, 149,
      76, 164, 152,
      197, 149, 196,
      196, 198, 197,
      198, 196, 158,
      187, 197, 198,
      201, 200, 199,
      203, 198, 202,
      198, 199, 187,
      158, 202, 198,
      197, 187, 188,
      188, 148, 197,
      148, 188, 116,
      149, 197, 148
      ],
      "vertices" : [
      0.361804, -0.587779, 0.723612, 0.340566, -0.587615, 0.733978, 0.862310, 0.506353, 0.005269, 0.379596, -0.628262, -0.679113, 0.307107, 0.757519,
      0.512753, -0.693775, 0.505727, 0.523805, -0.686894, 0.503791, 0.798751, 0.601574, -0.010266, 0.304812, -0.401118, -0.863825, 0.319362, 0.668776,
      0.262869, -0.809012, 0.525738, 0.262869, -0.809013, 0.525735, 0.949053, 0.314953, 0.010128, 0.182466, -0.493381, -0.850459, 0.272728, 0.676211,
      0.597194, -0.433882, 0.674615, 0.604326, -0.439065, 0.664840, 0.597318, 0.801893, -0.013374, 0.520610, -0.414061, -0.746672, 0.363637, 0.735690,
      0.425323, -0.309011, 0.850654, 0.425323, -0.309013, 0.850653, 0.603920, 0.796947, -0.012454, 0.688195, -0.499999, -0.525727, 0.363637, 0.823794,
      0.723600, -0.525720, 0.447215, 0.723607, -0.525727, 0.447217, 0.592080, 0.805808, -0.010729, 0.361804, -0.262871, -0.894425, 0.363637, 0.647586,
      0.138197, -0.425320, 0.894430, 0.144691, -0.445304, 0.883611, 0.937938, 0.346175, 0.020872, 0.296197, -0.832566, -0.468082, 0.272728, 0.852418,
      0.052790, -0.688185, 0.723612, 0.069875, -0.675569, 0.733978, 0.993938, 0.109760, 0.006402, 0.089201, -0.728597, -0.679109, 0.238350, 0.757519,
      -0.162456, -0.499995, 0.850654, -0.162457, -0.499996, 0.850654, 0.959660, -0.280562, 0.018367, -0.213256, -0.823939, -0.525021, 0.181819, 0.823794,
      -0.228103, -0.702042, 0.674615, -0.230829, -0.710426, 0.664840, 0.953860, -0.300066, 0.010535, -0.205446, -0.632301, -0.746985, 0.181819, 0.735690,
      -0.007026, -0.862665, 0.505728, -0.020013, -0.863594, 0.503791, 0.999542, -0.028721, -0.009527, -0.042179, -0.502714, -0.863423, 0.226095, 0.668776,
      -0.276385, -0.850640, 0.447215, -0.276390, -0.850650, 0.447218, 0.952647, -0.303888, 0.010732, -0.138194, -0.425331, -0.894425, 0.181819, 0.647586,
      -0.084442, -0.259889, 0.961939, -0.080527, -0.247837, 0.965449, 0.996734, -0.014104, 0.079516, -0.284193, -0.922682, -0.260563, 0.181819, 0.911897,
      0.221076, -0.160619, 0.961939, 0.210824, -0.153172, 0.965449, 0.893444, 0.430926, -0.126732, 0.488098, -0.839220, -0.239730, 0.363637, 0.911897,
      0.000000, 0.000000, 1.000000, -0.000001, 0.000000, 1.000000, 0.951055, 0.309022, 0.000001, -0.735559, -0.677461, -0.000001, 0.000000, 1.000000,
      0.221076, -0.160619, 0.961939, 0.210824, -0.153172, 0.965449, 0.929734, 0.336453, -0.149645, -0.713489, -0.699228, 0.044869, 0.363637, 0.911897,
      0.670817, -0.162457, 0.723611, 0.664098, -0.142310, 0.733977, 0.215096, 0.976579, -0.005270, 0.714814, -0.166868, -0.679114, 0.420168, 0.757519,
      0.850648, 0.000000, 0.525736, 0.850649, 0.000000, 0.525734, 0.006260, 0.999929, -0.010128, 0.525618, -0.021069, -0.850460, 0.454546, 0.676210,
      0.818272, -0.273262, 0.505726, 0.815143, -0.285899, 0.503790, 0.325295, 0.945557, 0.010266, 0.475677, -0.165941, -0.863826, 0.407913, 0.668775,
      0.447210, 0.000000, 0.894429, 0.468223, 0.000000, 0.883610, 0.039389, 0.999006, -0.020872, 0.883347, -0.024424, -0.468083, 0.454546, 0.852418,
      0.670817, 0.162457, 0.723611, 0.664098, 0.142310, 0.733977, -0.202760, 0.979207, -0.006401, 0.720501, 0.140314, -0.679110, 0.488924, 0.757519,
      0.425323, 0.309011, 0.850654, 0.425323, 0.309013, 0.850653, -0.563385, 0.825991, -0.018364, 0.717712, 0.457429, -0.525021, 0.545454, 0.823794,
      0.597194, 0.433882, 0.674615, 0.604326, 0.439065, 0.664840, -0.580138, 0.814450, -0.010535, 0.537869, 0.390780, -0.746986, 0.545454, 0.735690,
      0.723600, 0.525720, 0.447215, 0.723607, 0.525727, 0.447217, -0.583397, 0.812116, -0.010734, 0.361809, 0.262864, -0.894425, 0.545454, 0.647586,
      0.818272, 0.273262, 0.505726, 0.815143, 0.285899, 0.503790, -0.336191, 0.941746, 0.009526, 0.465073, 0.195464, -0.863424, 0.501179, 0.668775,
      0.221076, 0.160619, 0.961939, 0.210824, 0.153171, 0.965449, -0.321426, 0.943590, -0.079514, 0.772472, 0.579132, -0.260565, 0.545454, 0.911897,
      0.221076, -0.160619, 0.961939, 0.210824, -0.153172, 0.965449, 0.133742, 0.982880, 0.126732, 0.948977, -0.204871, -0.239730, 0.363637, 0.911897,
      0.000000, 0.000000, 1.000000, -0.000001, 0.000000, 1.000000, 0.000000, 1.000000, -0.000000, 0.265405, 0.964137, 0.000000, 0.909092, 1.000000,
      0.221076, -0.160619, 0.961939, 0.210824, -0.153172, 0.965449, 0.032678, 0.988200, 0.149645, 0.296479, 0.951145, 0.086160, 0.363637, 0.911897,
      -0.447211, -0.525727, 0.723611, -0.453617, -0.505479, 0.733977, 0.748036, -0.663638, 0.005269, -0.480218, -0.555154, -0.679113, 0.125287, 0.757519,
      -0.501373, -0.702043, 0.505727, -0.491413, -0.710428, 0.503791, 0.818956, -0.573764, -0.010268, -0.287298, -0.413842, -0.863825, 0.137543, 0.668776,
      -0.688189, -0.499997, 0.525736, -0.688190, -0.499998, 0.525734, 0.592807, -0.805281, 0.010127, -0.412852, -0.325993, -0.850460, 0.090909, 0.676210,
      -0.361800, -0.262863, 0.894429, -0.378800, -0.275214, 0.883611, 0.619067, -0.785061, 0.020872, -0.700286, -0.538978, -0.468083, 0.090909, 0.852418,
      -0.638195, -0.262864, 0.723609, -0.620916, -0.275214, 0.733976, 0.411525, -0.911376, 0.006402, -0.665371, -0.309984, -0.679111, 0.056531, 0.757518,
      -0.525730, 0.000000, 0.850652, -0.525729, 0.000000, 0.850652, 0.029714, -0.999390, 0.018364, -0.849510, -0.051787, -0.525024, 0.000000, 0.823792,
      -0.738174, 0.000000, 0.674610, -0.746981, 0.000000, 0.664845, 0.009376, -0.999901, 0.010534, -0.664845, 0.000000, -0.746981, 0.000000, 0.735688,
      -0.822618, -0.259890, 0.505724, -0.827510, -0.247837, 0.503790, 0.281563, -0.959495, -0.009533, -0.491144, -0.115228, -0.863424, 0.044275, 0.668775,
      -0.894425, 0.000000, 0.447215, -0.894426, -0.000000, 0.447215, 0.005365, -0.999928, 0.010730, -0.447215, 0.000000, -0.894426, 0.000000, 0.647584,
      -0.273266, 0.000000, 0.961939, -0.260593, 0.000000, 0.965449, 0.294587, -0.952311, 0.079515, -0.958903, -0.116253, -0.258826, 0.000000, 0.911896,
      -0.084442, -0.259889, 0.961939, -0.080527, -0.247837, 0.965449, 0.607285, -0.780264, -0.149646, -0.893530, -0.411296, -0.180111, 0.181819, 0.911897,
      0.000000, 0.000000, 1.000000, -0.000001, 0.000000, 1.000000, 0.587786, -0.809016, 0.000001, -1.000000, -0.000000, -0.000001, 0.000000, 1.000000,
      -0.638195, 0.262864, 0.723609, -0.620916, 0.275214, 0.733976, -0.400000, -0.916500, 0.005269, -0.676377, 0.285162, -0.679115, 0.852561, 0.757518,
      -0.822618, 0.259890, 0.505724, -0.827510, 0.247837, 0.503790, -0.292619, -0.956174, -0.010262, -0.482367, 0.145350, -0.863826, 0.864817, 0.668775,
      -0.688189, 0.499997, 0.525736, -0.688190, 0.499998, 0.525734, -0.582679, -0.812639, 0.010128, -0.437615, 0.291908, -0.850460, 0.818183, 0.676210,
      -0.738174, 0.000000, 0.674610, -0.746981, 0.000000, 0.664845, 0.009376, -0.999901, 0.010534, -0.664845, 0.000000, -0.746981, 0.909092, 0.735688,
      -0.525730, 0.000000, 0.850652, -0.525729, 0.000000, 0.850652, 0.029714, -0.999390, 0.018364, -0.849510, -0.051787, -0.525024, 0.909092, 0.823792,
      -0.894425, 0.000000, 0.447215, -0.894426, -0.000000, 0.447215, 0.005365, -0.999928, 0.010730, -0.447215, 0.000000, -0.894426, 0.909092, 0.647584,
      -0.361800, 0.262863, 0.894429, -0.378800, 0.275214, 0.883611, -0.555333, -0.831366, 0.020873, -0.729000, 0.499458, -0.468083, 0.818183, 0.852418,
      -0.447211, 0.525727, 0.723611, -0.453617, 0.505479, 0.733977, -0.739601, -0.673015, 0.006402, -0.500423, 0.537017, -0.679109, 0.783804, 0.757519,
      -0.162456, 0.499995, 0.850654, -0.162457, 0.499996, 0.850654, -0.941295, -0.337085, 0.018364, -0.311765, 0.791931, -0.525021, 0.727273, 0.823794,
      -0.228103, 0.702042, 0.674615, -0.230829, 0.710426, 0.664840, -0.948066, -0.317899, 0.010533, -0.205444, 0.632302, -0.746985, 0.727273, 0.735690,
      -0.501373, 0.702043, 0.505727, -0.491413, 0.710428, 0.503791, -0.825532, -0.564275, -0.009527, -0.261358, 0.431500, -0.863423, 0.771549, 0.668776,
      -0.276385, 0.850640, 0.447215, -0.276390, 0.850649, 0.447218, -0.949331, -0.314094, 0.010730, -0.138200, 0.425329, -0.894425, 0.727273, 0.647586,
      -0.084442, 0.259889, 0.961939, -0.080527, 0.247837, 0.965449, -0.857215, -0.511475, 0.059799, -0.434050, 0.863216, -0.257797, 0.727273, 0.911897,
      -0.273266, 0.000000, 0.961939, -0.260593, 0.000000, 0.965449, -0.554410, -0.818679, -0.149646, -0.888157, 0.392053, -0.239731, 0.909092, 0.911896,
      0.000000, 0.000000, 1.000000, -0.000001, 0.000000, 1.000000, -0.587786, -0.809016, -0.000001, -1.000000, -0.000000, -0.000001, 0.909092, 1.000000,
      -0.084442, 0.259889, 0.961939, -0.080527, 0.247837, 0.965449, -0.607287, -0.780262, 0.149645, -0.996164, 0.013260, -0.086493, 0.727273, 0.911897,
      -0.273266, 0.000000, 0.961939, -0.260593, 0.000000, 0.965449, 0.294587, -0.952311, 0.079515, -0.958903, -0.116253, -0.258826, 0.909092, 0.911896,
      0.052790, 0.688185, 0.723612, 0.069875, 0.675569, 0.733978, -0.995249, 0.097215, 0.005269, 0.062191, 0.731395, -0.679112, 0.670742, 0.757519,
      -0.007026, 0.862665, 0.505728, -0.020013, 0.863594, 0.503791, -0.999800, -0.017180, -0.010266, -0.010832, 0.503675, -0.863825, 0.682997, 0.668776,
      0.262869, 0.809012, 0.525738, 0.262869, 0.809013, 0.525735, -0.952922, 0.303046, 0.010128, 0.142386, 0.506404, -0.850459, 0.636363, 0.676211,
      0.138197, 0.425320, 0.894430, 0.144691, 0.445304, 0.883611, -0.962282, 0.271254, 0.020872, 0.249749, 0.847659, -0.468082, 0.636363, 0.852418,
      0.361804, 0.587779, 0.723612, 0.340566, 0.587615, 0.733978, -0.868622, 0.495433, 0.006403, 0.356101, 0.641875, -0.679109, 0.601985, 0.757519,
      0.512753, 0.693775, 0.505727, 0.523805, 0.686894, 0.503791, -0.791759, 0.610759, -0.009527, 0.329617, 0.381907, -0.863423, 0.589730, 0.668776,
      0.221076, 0.160619, 0.961939, 0.210824, 0.153171, 0.965449, -0.929734, 0.336453, 0.149645, 0.312602, 0.925221, -0.215052, 0.545454, 0.911897,
      -0.084442, 0.259889, 0.961939, -0.080527, 0.247837, 0.965449, -0.949930, 0.274296, -0.149647, 0.290934, 0.932261, -0.215051, 0.727273, 0.911897,
      0.000000, 0.000000, 1.000000, -0.000001, 0.000000, 1.000000, -0.951055, 0.309022, -0.000001, -0.735558, 0.677462, -0.000001, 0.909092, 1.000000,
      -0.084442, 0.259889, 0.961939, -0.080527, 0.247837, 0.965449, -0.949930, 0.274296, -0.149647, -0.730096, 0.644748, -0.226408, 0.727273, 0.911897,
      0.221076, 0.160619, 0.961939, 0.210824, 0.153171, 0.965449, -0.929734, 0.336453, 0.149645, -0.713488, 0.699229, 0.044869, 0.545454, 0.911897,
      0.947213, -0.162458, 0.276396, 0.953480, -0.142310, 0.265750, 0.149910, 0.988664, -0.008426, 0.261981, -0.044944, -0.964026, 0.429970, 0.589140,
      0.951058, -0.309013, -0.000000, 0.951057, -0.309015, -0.000000, 0.309015, 0.951056, -0.001501, 0.000805, 0.002477, -0.999997, 0.409092, 0.500000,
      0.870465, -0.433883, 0.232456, 0.864911, -0.439067, 0.243206, 0.451755, 0.892133, 0.004020, 0.219872, -0.104149, -0.969953, 0.387642, 0.574676,
      0.947213, 0.162458, 0.276396, 0.953480, 0.142310, 0.265750, -0.146742, 0.989170, -0.003210, 0.263636, 0.033861, -0.964028, 0.479122, 0.589140,
      1.000000, 0.000000, -0.000000, 0.999721, 0.000000, 0.023633, 0.000000, 1.000000, -0.000000, 0.023633, 0.000000, -0.999721, 0.454546, 0.500000,
      0.951058, 0.309013, -0.000000, 0.951057, 0.309015, -0.000000, -0.309015, 0.951057, 0.001000, 0.001258, -0.003874, -0.999992, 0.500000, 0.500000,
      0.959253, 0.160620, -0.232455, 0.957807, 0.153172, -0.243197, -0.156283, 0.987691, 0.006570, -0.240787, -0.034382, -0.969969, 0.478550, 0.425324,
      0.894425, 0.000000, -0.447215, 0.894426, 0.000000, -0.447215, -0.000000, 1.000000, 0.000000, -0.447215, -0.000000, -0.894426, 0.454546, 0.352416,
      0.959253, -0.160620, -0.232455, 0.957807, -0.153172, -0.243197, 0.156283, 0.987691, -0.006570, -0.240787, 0.034382, -0.969969, 0.430542, 0.425324,
      0.870465, 0.433883, 0.232456, 0.864911, 0.439067, 0.243206, -0.451755, 0.892133, -0.004020, 0.219874, 0.104144, -0.969953, 0.521450, 0.574676,
      0.138199, -0.951055, 0.276397, 0.159298, -0.950790, 0.265751, 0.986600, 0.162943, -0.008424, 0.038207, -0.263049, -0.964026, 0.248151, 0.589140,
      0.000000, -1.000000, -0.000000, 0.000000, -1.000000, -0.000000, 0.999999, 0.000000, -0.001500, 0.002596, -0.000000, -0.999997, 0.227273, 0.500000,
      -0.143661, -0.961938, 0.232456, -0.150306, -0.958258, 0.243207, 0.988069, -0.153961, 0.004021, -0.031106, -0.241296, -0.969953, 0.205823, 0.574676,
      0.447216, -0.850649, 0.276397, 0.429990, -0.862835, 0.265751, 0.895409, 0.445233, -0.003212, 0.113671, -0.240270, -0.964028, 0.297305, 0.589140,
      0.309017, -0.951056, -0.000000, 0.308931, -0.950791, 0.023633, 0.951056, 0.309017, -0.000000, 0.007300, -0.022477, -0.999721, 0.272728, 0.500000,
      0.587786, -0.809017, -0.000000, 0.587786, -0.809016, -0.000000, 0.809016, 0.587786, 0.001001, -0.003289, -0.002389, -0.999992, 0.318182, 0.500000,
      0.449185, -0.862668, -0.232457, 0.441647, -0.863596, -0.243208, 0.891058, 0.453841, 0.006568, -0.107111, 0.218387, -0.969966, 0.296732, 0.425324,
      0.276385, -0.850640, -0.447215, 0.276390, -0.850649, -0.447218, 0.951058, 0.309014, 0.000000, -0.138194, 0.425331, -0.894425, 0.272727, 0.352414,
      0.143661, -0.961938, -0.232456, 0.150306, -0.958258, -0.243207, 0.987643, 0.156582, -0.006567, -0.041706, 0.239637, -0.969966, 0.248723, 0.425324,
      0.681641, -0.693779, 0.232457, 0.684854, -0.686896, 0.243206, 0.708864, 0.705334, -0.004021, 0.166999, -0.176925, -0.969953, 0.339633, 0.574676,
      -0.861804, -0.425322, 0.276396, -0.855031, -0.445308, 0.265749, 0.459840, -0.887962, -0.008422, -0.238367, -0.117623, -0.964026, 0.066332, 0.589140,
      -0.951058, -0.309013, -0.000000, -0.951057, -0.309015, 0.000000, 0.309015, -0.951056, -0.001500, 0.000804, -0.002476, -0.999997, 0.045454, 0.500000,
      -0.959253, -0.160620, 0.232455, -0.957807, -0.153172, 0.243197, 0.158906, -0.987285, 0.004018, -0.239089, -0.044976, -0.969955, 0.024004, 0.574676,
      -0.670820, -0.688190, 0.276396, -0.687733, -0.675573, 0.265750, 0.700136, -0.714002, -0.003212, -0.193383, -0.182355, -0.964028, 0.115486, 0.589140,
      -0.809018, -0.587783, -0.000000, -0.808793, -0.587619, 0.023632, 0.587783, -0.809019, -0.000000, -0.019117, -0.013893, -0.999721, 0.090909, 0.500000,
      -0.587786, -0.809017, -0.000000, -0.587786, -0.809016, 0.000000, 0.809016, -0.587786, 0.001001, -0.003290, 0.002390, -0.999992, 0.136364, 0.500000,
      -0.681641, -0.693779, -0.232457, -0.684854, -0.686896, -0.243206, 0.706980, -0.707204, 0.006567, 0.174603, 0.169348, -0.969966, 0.114913, 0.425324,
      -0.723600, -0.525720, -0.447215, -0.723607, -0.525727, -0.447217, 0.587781, -0.809020, 0.000002, 0.361810, 0.262863, -0.894425, 0.090908, 0.352414,
      -0.870465, -0.433883, -0.232456, -0.864911, -0.439067, -0.243206, 0.454116, -0.890918, -0.006567, 0.215020, 0.113713, -0.969967, 0.066904, 0.425324,
      -0.449185, -0.862668, 0.232457, -0.441647, -0.863596, 0.243208, 0.889862, -0.456212, -0.004020, -0.116663, -0.213498, -0.969953, 0.157814, 0.574676,
      -0.670820, 0.688190, 0.276396, -0.687733, 0.675573, 0.265750, -0.702402, -0.711731, -0.008424, -0.185530, 0.190350, -0.964026, 0.793606, 0.589140,
      -0.587786, 0.809017, -0.000000, -0.587786, 0.809016, 0.000000, -0.809015, -0.587785, -0.001501, -0.002112, -0.001534, -0.999997, 0.772728, 0.500000,
      -0.449185, 0.862668, 0.232457, -0.441647, 0.863596, 0.243208, -0.889862, -0.456212, 0.004020, -0.116669, 0.213495, -0.969953, 0.751278, 0.574676,
      -0.861804, 0.425322, 0.276396, -0.855031, 0.445308, 0.265749, -0.462700, -0.886509, -0.003213, -0.233191, 0.127563, -0.964028, 0.842760, 0.589140,
      -0.809018, 0.587783, -0.000000, -0.808793, 0.587619, 0.023632, -0.587783, -0.809019, 0.000000, -0.019121, 0.013888, -0.999721, 0.818183, 0.500000,
      -0.951058, 0.309013, -0.000000, -0.951057, 0.309015, 0.000000, -0.309015, -0.951057, 0.001000, 0.001256, 0.003866, -0.999992, 0.863638, 0.500000,
      -0.870465, 0.433883, -0.232456, -0.864911, 0.439067, -0.243206, -0.454116, -0.890918, 0.006567, 0.215015, -0.113725, -0.969967, 0.842188, 0.425324,
      -0.723600, 0.525720, -0.447215, -0.723607, 0.525727, -0.447217, -0.587781, -0.809020, -0.000002, 0.361806, -0.262869, -0.894425, 0.818183, 0.352414,
      -0.681641, 0.693779, -0.232457, -0.684854, 0.686896, -0.243206, -0.706980, -0.707204, -0.006567, 0.174597, -0.169354, -0.969967, 0.794178, 0.425324,
      -0.959253, 0.160620, 0.232455, -0.957807, 0.153172, 0.243197, -0.158906, -0.987285, -0.004018, -0.239089, 0.044975, -0.969955, 0.885088, 0.574676,
      0.447216, 0.850649, 0.276397, 0.429990, 0.862835, 0.265751, -0.893949, 0.448090, -0.008424, 0.123700, 0.235272, -0.964026, 0.611787, 0.589140,
      0.587786, 0.809017, -0.000000, 0.587786, 0.809016, -0.000000, -0.809015, 0.587785, -0.001501, -0.002108, 0.001531, -0.999997, 0.590909, 0.500000,
      0.681641, 0.693779, 0.232457, 0.684854, 0.686896, 0.243206, -0.708864, 0.705334, 0.004021, 0.166995, 0.176928, -0.969953, 0.569459, 0.574676,
      0.138199, 0.951055, 0.276397, 0.159298, 0.950790, 0.265751, -0.986102, 0.166112, -0.003211, 0.049266, 0.261197, -0.964028, 0.660940, 0.589140,
      0.309017, 0.951056, -0.000000, 0.308931, 0.950791, 0.023633, -0.951056, 0.309017, 0.000000, 0.007306, 0.022475, -0.999721, 0.636364, 0.500000,
      0.000000, 1.000000, -0.000000, -0.000000, 1.000000, -0.000000, -0.999999, -0.000000, 0.001000, 0.004078, -0.000000, -0.999992, 0.681819, 0.500000,
      0.143661, 0.961938, -0.232456, 0.150306, 0.958258, -0.243207, -0.987643, 0.156582, 0.006567, -0.041711, -0.239636, -0.969966, 0.660369, 0.425324,
      0.276385, 0.850640, -0.447215, 0.276390, 0.850649, -0.447218, -0.951058, 0.309014, -0.000000, -0.138195, -0.425331, -0.894425, 0.636365, 0.352414,
      0.449185, 0.862668, -0.232457, 0.441647, 0.863596, -0.243208, -0.891058, 0.453841, -0.006568, -0.107105, -0.218390, -0.969966, 0.612360, 0.425324,
      -0.143661, 0.961938, 0.232456, -0.150306, 0.958258, 0.243207, -0.988069, -0.153961, -0.004021, -0.031107, 0.241296, -0.969953, 0.703268, 0.574676,
      0.861804, -0.425322, -0.276396, 0.855031, -0.445308, -0.265749, 0.461142, 0.887321, -0.003159, -0.237102, 0.120058, -0.964038, 0.388214, 0.410860,
      0.822618, -0.259890, -0.505724, 0.827510, -0.247837, -0.503790, 0.292379, 0.956252, 0.009829, -0.481522, 0.148159, -0.863820, 0.410271, 0.331225,
      0.688189, -0.499997, -0.525736, 0.688190, -0.499998, -0.525734, 0.582489, 0.812771, -0.010502, -0.431207, 0.300882, -0.850606, 0.363637, 0.323790,
      0.809018, -0.587783, -0.000000, 0.808793, -0.587619, -0.023632, 0.587773, 0.809026, -0.000535, -0.020518, 0.011964, -0.999718, 0.363637, 0.500000,
      0.670820, -0.688190, -0.276396, 0.687733, -0.675573, -0.265750, 0.700136, 0.714002, -0.003212, -0.190803, 0.184987, -0.964040, 0.339060, 0.410860,
      0.501373, -0.702043, -0.505727, 0.491413, -0.710428, -0.503791, 0.825652, 0.564093, 0.009901, -0.275853, 0.421707, -0.863752, 0.317003, 0.331224,
      -0.138199, -0.951055, -0.276397, -0.159298, -0.950790, -0.265751, 0.986392, -0.164379, -0.003161, 0.040915, 0.262599, -0.964037, 0.206395, 0.410860,
      0.007026, -0.862665, -0.505728, 0.020013, -0.863594, -0.503791, 0.999800, 0.017432, 0.009834, -0.007886, 0.503740, -0.863819, 0.228451, 0.331224,
      -0.262869, -0.809012, -0.525738, -0.262869, -0.809013, -0.525735, 0.952988, -0.302824, -0.010503, 0.152906, 0.503081, -0.850605, 0.181818, 0.323789,
      -0.309017, -0.951056, -0.000000, -0.308931, -0.950791, -0.023633, 0.951060, -0.309005, -0.000535, 0.005032, 0.023214, -0.999718, 0.181818, 0.500000,
      -0.447216, -0.850649, -0.276397, -0.429990, -0.862835, -0.265751, 0.895409, -0.445234, -0.003212, 0.116971, 0.238630, -0.964040, 0.157241, 0.410860,
      -0.512753, -0.693775, -0.505727, -0.523805, -0.686894, -0.503791, 0.791623, -0.610930, 0.009902, 0.315822, 0.392668, -0.863752, 0.135184, 0.331224,
      -0.947213, -0.162458, -0.276396, -0.953480, -0.142310, -0.265750, 0.148480, -0.988910, -0.003163, 0.262389, 0.042232, -0.964037, 0.024576, 0.410860,
      -0.818272, -0.273262, -0.505726, -0.815143, -0.285899, -0.503790, 0.325535, -0.945479, 0.009834, 0.476646, 0.163168, -0.863820, 0.046633, 0.331225,
      -0.850648, 0.000000, -0.525736, -0.850649, 0.000000, -0.525734, 0.006491, -0.999924, -0.010503, 0.525708, 0.010047, -0.850606, 0.000000, 0.323790,
      -1.000000, 0.000000, -0.000000, -0.999721, -0.000000, -0.023633, 0.000013, -1.000000, -0.000535, 0.023633, 0.002377, -0.999718, 0.000000, 0.500000,
      -1.000000, 0.000000, -0.000000, -0.999721, -0.000000, -0.023633, 0.000013, -1.000000, -0.000535, 0.023633, 0.002377, -0.999718, 0.909092, 0.500000,
      -0.947213, -0.162458, -0.276396, -0.953480, -0.142310, -0.265750, 0.148480, -0.988910, -0.003163, 0.262389, 0.042232, -0.964037, 0.933668, 0.410860,
      -0.947213, 0.162458, -0.276396, -0.953480, 0.142310, -0.265750, -0.146742, -0.989170, -0.003210, 0.263094, -0.037514, -0.964041, 0.884515, 0.410860,
      -0.850648, 0.000000, -0.525736, -0.850649, 0.000000, -0.525734, 0.006491, -0.999924, -0.010503, 0.525708, 0.010047, -0.850606, 0.909092, 0.323790,
      -0.818272, 0.273262, -0.505726, -0.815142, 0.285899, -0.503790, -0.336396, -0.941669, 0.009901, 0.471044, -0.179023, -0.863753, 0.862458, 0.331225,
      -0.959253, -0.160620, 0.232455, -0.957807, -0.153172, 0.243197, 0.158906, -0.987285, 0.004018, -0.239089, -0.044976, -0.969955, 0.933096, 0.574676,
      -0.447216, 0.850649, -0.276397, -0.429990, 0.862835, -0.265751, -0.894625, -0.446806, -0.003161, 0.121254, -0.236495, -0.964037, 0.751850, 0.410860,
      -0.512753, 0.693775, -0.505727, -0.523805, 0.686894, -0.503791, -0.798603, -0.601778, 0.009834, 0.302479, -0.402892, -0.863820, 0.773908, 0.331224,
      -0.262869, 0.809012, -0.525738, -0.262869, 0.809013, -0.525735, -0.948977, -0.315172, -0.010503, 0.172007, -0.496874, -0.850605, 0.727274, 0.323789,
      -0.309017, 0.951056, -0.000000, -0.308931, 0.950791, -0.023633, -0.951052, -0.309029, -0.000534, 0.009567, -0.021740, -0.999718, 0.727273, 0.500000,
      -0.138199, 0.951055, -0.276397, -0.159298, 0.950790, -0.265751, -0.986102, -0.166112, -0.003211, 0.045627, -0.261810, -0.964040, 0.702697, 0.410860,
      0.007026, 0.862665, -0.505728, 0.020013, 0.863594, -0.503791, -0.999532, 0.028939, 0.009902, -0.024698, -0.503311, -0.863752, 0.680640, 0.331224,
      0.670820, 0.688190, -0.276396, 0.687733, 0.675573, -0.265750, -0.701390, 0.712771, -0.003160, -0.187450, -0.188400, -0.964037, 0.570031, 0.410860,
      0.501373, 0.702043, -0.505727, 0.491413, 0.710428, -0.503791, -0.819104, 0.573560, 0.009836, -0.289703, -0.412175, -0.863820, 0.592089, 0.331224,
      0.688189, 0.499997, -0.525736, 0.688190, 0.499998, -0.525734, -0.592991, 0.805141, -0.010502, -0.419404, -0.317127, -0.850606, 0.545455, 0.323790,
      0.809018, 0.587783, -0.000000, 0.808793, 0.587619, -0.023632, -0.587793, 0.809011, -0.000534, -0.017720, -0.015816, -0.999718, 0.545455, 0.500000,
      0.861804, 0.425322, -0.276396, 0.855031, 0.445307, -0.265749, -0.462700, 0.886509, -0.003213, -0.234897, -0.124294, -0.964041, 0.520878, 0.410860,
      0.822618, 0.259890, -0.505724, 0.827510, 0.247837, -0.503790, -0.281352, 0.959553, 0.009908, -0.486310, -0.132036, -0.863753, 0.498821, 0.331225,
      0.447211, -0.525727, -0.723611, 0.453617, -0.505479, -0.733977, 0.761624, 0.647546, 0.024749, -0.447949, 0.582666, -0.678117, 0.329258, 0.242481,
      0.162456, -0.499995, -0.850654, 0.162457, -0.499996, -0.850654, 0.944564, 0.328090, -0.012452, -0.262864, 0.809021, -0.525726, 0.272727, 0.176206,
      0.228103, -0.702042, -0.674615, 0.230829, -0.710426, -0.664840, 0.946925, 0.321132, -0.014383, -0.205444, 0.632302, -0.746985, 0.272727, 0.264310,
      0.638195, -0.262864, -0.723609, 0.620916, -0.275214, -0.733976, 0.411525, 0.911376, 0.006401, -0.666897, 0.306621, -0.679141, 0.398015, 0.242482,
      0.361800, -0.262863, -0.894429, 0.378800, -0.275214, -0.883610, 0.587784, 0.809018, -0.000000, -0.714858, 0.519370, -0.468223, 0.363637, 0.147582,
      0.525730, 0.000000, -0.850652, 0.525729, 0.000000, -0.850652, 0.029714, 0.999390, 0.018364, -0.849510, 0.051786, -0.525024, 0.454546, 0.176208,
      0.273266, 0.000000, -0.961939, 0.260593, 0.000000, -0.965449, 0.554413, 0.818677, 0.149647, 0.260426, 0.962932, 0.070294, 0.454546, 0.088104,
      0.000000, 0.000000, -1.000000, 0.000001, -0.000000, -1.000000, 0.587786, 0.809016, 0.000001, 0.292578, 0.956242, 0.000000, 0.000000, 0.000000,
      0.084442, -0.259889, -0.961939, 0.080527, -0.247837, -0.965449, 0.685923, 0.716553, -0.126732, 0.111147, 0.964787, -0.238396, 0.272727, 0.088103,
      0.084442, -0.259889, -0.961939, 0.080527, -0.247837, -0.965449, 0.607283, 0.780265, -0.149646, -0.783337, 0.583212, -0.215052, 0.272727, 0.088103,
      0.273266, 0.000000, -0.961939, 0.260593, 0.000000, -0.965449, 0.469519, 0.873780, 0.126732, -0.888157, 0.392053, -0.239731, 0.454546, 0.088104,
      0.738174, 0.000000, -0.674610, 0.746981, 0.000000, -0.664845, 0.012802, 0.999815, 0.014384, -0.664845, 0.000002, -0.746981, 0.454546, 0.264312,
      -0.361804, -0.587779, -0.723612, -0.340566, -0.587615, -0.733978, 0.851206, -0.524248, 0.024748, 0.415728, 0.606076, -0.678116, 0.147439, 0.242481,
      -0.425323, -0.309011, -0.850654, -0.425323, -0.309013, -0.850653, 0.603921, -0.796947, -0.012454, 0.688195, 0.499998, -0.525727, 0.090908, 0.176206,
      -0.597194, -0.433882, -0.674615, -0.604326, -0.439064, -0.664840, 0.598030, -0.801345, -0.014384, 0.537870, 0.390780, -0.746985, 0.090908, 0.264310,
      -0.052790, -0.688185, -0.723612, -0.069875, -0.675569, -0.733978, 0.993938, -0.109760, 0.006402, 0.085533, 0.729009, -0.679139, 0.216196, 0.242481,
      -0.138197, -0.425320, -0.894430, -0.144691, -0.445304, -0.883611, 0.951055, -0.309022, -0.000000, 0.273053, 0.840364, -0.468221, 0.181818, 0.147582,
      0.084442, -0.259889, -0.961939, 0.080527, -0.247837, -0.965449, 0.949930, -0.274296, 0.149647, 0.950830, 0.309712, -0.000197, 0.272727, 0.088103,
      0.000000, 0.000000, -1.000000, 0.000001, -0.000000, -1.000000, 0.951055, -0.309022, 0.000001, 0.958645, 0.284606, 0.000001, 0.000000, 0.000000,
      -0.221076, -0.160619, -0.961939, -0.210824, -0.153171, -0.965449, 0.893444, -0.430926, -0.126732, 0.893938, 0.369397, -0.253814, 0.090908, 0.088103,
      -0.221076, -0.160619, -0.961939, -0.210824, -0.153171, -0.965449, 0.929734, -0.336453, -0.149645, 0.312608, 0.925218, -0.215053, 0.090908, 0.088103,
      0.084442, -0.259889, -0.961939, 0.080527, -0.247837, -0.965449, 0.976101, -0.176536, 0.126734, 0.098414, 0.965839, -0.239729, 0.272727, 0.088103,
      -0.670817, 0.162457, -0.723611, -0.664098, 0.142310, -0.733977, -0.235547, -0.971548, 0.024750, 0.704882, -0.208082, -0.678118, 0.874714, 0.242481,
      -0.425323, 0.309011, -0.850654, -0.425323, 0.309013, -0.850653, -0.571317, -0.820635, -0.012452, 0.688196, -0.499998, -0.525727, 0.818183, 0.176206,
      -0.597194, 0.433882, -0.674615, -0.604326, 0.439065, -0.664840, -0.577316, -0.816394, -0.014384, 0.537869, -0.390781, -0.746986, 0.818183, 0.264310,
      -0.670817, -0.162457, -0.723611, -0.664098, -0.142310, -0.733977, 0.202760, -0.979207, 0.006401, 0.719758, 0.143932, -0.679140, 0.943470, 0.242481,
      -0.447210, 0.000000, -0.894429, -0.468223, 0.000000, -0.883610, -0.000000, -1.000000, 0.000000, 0.883610, -0.000001, -0.468223, 0.909092, 0.147582,
      -0.447210, 0.000000, -0.894429, -0.468223, 0.000000, -0.883610, -0.000000, -1.000000, 0.000000, 0.883610, -0.000001, -0.468223, 0.000000, 0.147582,
      -0.670817, -0.162457, -0.723611, -0.664098, -0.142310, -0.733977, 0.202760, -0.979207, 0.006401, 0.719758, 0.143932, -0.679140, 0.034378, 0.242481,
      -0.221076, -0.160619, -0.961939, -0.210824, -0.153171, -0.965449, 0.108379, -0.985221, 0.132642, 0.961351, 0.146428, -0.233160, 1.000000, 0.088103,
      0.000000, 0.000000, -1.000000, 0.000001, -0.000000, -1.000000, -0.000000, -1.000000, 0.000000, 1.000000, 0.000004, 0.000001, 0.909092, 0.000000,
      -0.221076, 0.160619, -0.961939, -0.210824, 0.153171, -0.965449, -0.108379, -0.985221, -0.132642, 0.961351, -0.146426, -0.233160, 0.818183, 0.088103,
      -0.221076, -0.160619, -0.961939, -0.210824, -0.153171, -0.965449, 0.108379, -0.985221, 0.132642, 0.961351, 0.146428, -0.233160, 0.090908, 0.088103,
      -0.052790, 0.688185, -0.723612, -0.069875, 0.675569, -0.733978, -0.996785, -0.076211, 0.024748, 0.019925, -0.734684, -0.678116, 0.692896, 0.242481,
      0.162456, 0.499995, -0.850654, 0.162457, 0.499996, -0.850654, -0.957018, 0.289762, -0.012455, -0.262862, -0.809021, -0.525726, 0.636365, 0.176206,
      0.228103, 0.702042, -0.674615, 0.230829, 0.710426, -0.664840, -0.954837, 0.296780, -0.014385, -0.205444, -0.632302, -0.746985, 0.636365, 0.264310,
      -0.361804, 0.587779, -0.723612, -0.340566, 0.587615, -0.733978, -0.868622, -0.495433, 0.006403, 0.359307, -0.640054, -0.679139, 0.761652, 0.242481,
      -0.138197, 0.425320, -0.894430, -0.144691, 0.445304, -0.883611, -0.951055, -0.309022, 0.000000, 0.273055, -0.840363, -0.468222, 0.727274, 0.147582,
      -0.221076, 0.160619, -0.961939, -0.210824, 0.153171, -0.965449, -0.893444, -0.430926, 0.126732, 0.893939, -0.369395, -0.253814, 0.818183, 0.088103,
      0.000000, 0.000000, -1.000000, 0.000001, -0.000000, -1.000000, -0.951055, -0.309022, -0.000001, 0.958646, -0.284603, 0.000001, 0.909092, 0.000000,
      0.084442, 0.259889, -0.961939, 0.080527, 0.247837, -0.965449, -0.949930, -0.274296, -0.149647, 0.950832, -0.309708, -0.000196, 0.636365, 0.088103,
      0.084442, 0.259889, -0.961939, 0.080527, 0.247837, -0.965449, -0.976101, -0.176536, -0.126734, 0.098412, -0.965839, -0.239729, 0.636365, 0.088103,
      -0.221076, 0.160619, -0.961939, -0.210824, 0.153171, -0.965449, -0.929734, -0.336453, 0.149645, 0.312605, -0.925219, -0.215052, 0.818183, 0.088103,
      0.638195, 0.262864, -0.723609, 0.620916, 0.275214, -0.733976, -0.380497, 0.924451, 0.024749, -0.692571, -0.245971, -0.678118, 0.511076, 0.242482,
      0.447211, 0.525727, -0.723611, 0.453617, 0.505479, -0.733977, -0.739601, 0.673015, 0.006402, -0.497698, -0.539506, -0.679139, 0.579833, 0.242481,
      0.361800, 0.262863, -0.894429, 0.378800, 0.275214, -0.883611, -0.587784, 0.809018, 0.000000, -0.714853, -0.519377, -0.468223, 0.545455, 0.147582,
      0.084442, 0.259889, -0.961939, 0.080527, 0.247837, -0.965449, -0.685923, 0.716553, 0.126732, 0.111147, -0.964787, -0.238396, 0.636365, 0.088103,
      0.000000, 0.000000, -1.000000, 0.000001, -0.000000, -1.000000, -0.587786, 0.809016, -0.000001, 0.292578, -0.956242, 0.000000, 0.909092, 0.000000,
      0.273266, 0.000000, -0.961939, 0.260593, 0.000000, -0.965449, -0.554413, 0.818677, -0.149647, 0.260426, -0.962932, 0.070294, 0.454546, 0.088104,
      0.273266, 0.000000, -0.961939, 0.260593, 0.000000, -0.965449, -0.469519, 0.873780, -0.126732, -0.888157, -0.392054, -0.239731, 0.454546, 0.088104,
      0.084442, 0.259889, -0.961939, 0.080527, 0.247837, -0.965449, -0.607283, 0.780265, 0.149646, -0.783337, -0.583212, -0.215052, 0.636365, 0.088103
      ]
      }
      ]
      }
''';
}
