{
    "attributes": [
        {
            "format": "float2", 
            "name": "vTexCoord0", 
            "offset": 32, 
            "stride": 48
        }, 
        {
            "format": "float3", 
            "name": "vPosition", 
            "offset": 0, 
            "stride": 48
        }, 
        {
            "format": "float3", 
            "name": "vNormal", 
            "offset": 16, 
            "stride": 48
        }
    ], 
    "boneTable": [
        {
            "children": [
                "origin"
            ], 
            "index": 0, 
            "localTransform": [
                1.0, 
                0.0, 
                0.0, 
                0.0, 
                0.0, 
                1.0, 
                0.0, 
                0.0, 
                0.0, 
                0.0, 
                1.0, 
                0.0, 
                0.0, 
                0.0, 
                0.0, 
                1.0
            ], 
            "name": "<MD5_Hierarchy>", 
            "offsetTransform": [
                1.0, 
                0.0, 
                0.0, 
                0.0, 
                0.0, 
                1.0, 
                0.0, 
                0.0, 
                0.0, 
                0.0, 
                1.0, 
                0.0, 
                0.0, 
                0.0, 
                0.0, 
                1.0
            ], 
            "parent": "root"
        }, 
        {
            "children": [
                "sheath", 
                "pubis"
            ], 
            "index": 1, 
            "localTransform": [
                -5.960459930065554e-07, 
                0.0, 
                1.0, 
                0.0, 
                0.0, 
                -1.0, 
                0.0, 
                0.0, 
                1.0, 
                0.0, 
                -5.960459930065554e-07, 
                0.0, 
                0.0, 
                0.016429999843239784, 
                -0.006043999921530485, 
                1.0
            ], 
            "name": "origin", 
            "offsetTransform": [
                1.0, 
                0.0, 
                0.0, 
                0.0, 
                0.0, 
                1.0, 
                0.0, 
                0.0, 
                0.0, 
                0.0, 
                1.0, 
                0.0, 
                0.0, 
                0.0, 
                0.0, 
                1.0
            ], 
            "parent": "<MD5_Hierarchy>"
        }, 
        {
            "children": [
                "sword"
            ], 
            "index": 2, 
            "localTransform": [
                -0.554893970489502, 
                0.8281109929084778, 
                0.0795229971408844, 
                0.0, 
                -0.8197360038757324, 
                -0.5605630278587341, 
                0.11747799813747406, 
                0.0, 
                0.14186400175094604, 
                2.98022992950564e-08, 
                0.9898859858512878, 
                0.0, 
                31.708499908447266, 
                3.1935598850250244, 
                11.004799842834473, 
                1.0
            ], 
            "name": "sheath", 
            "offsetTransform": [
                0.07952339947223663, 
                0.11747899651527405, 
                0.9898859858512878, 
                0.0, 
                -0.8281109929084778, 
                0.5605630278587341, 
                -8.195640077701682e-08, 
                0.0, 
                -0.554893970489502, 
                -0.8197360038757324, 
                0.14186300337314606, 
                0.0, 
                14.08530044555664, 
                26.475799560546875, 
                -15.390899658203125, 
                1.0
            ], 
            "parent": "origin"
        }, 
        {
            "children": [], 
            "index": 3, 
            "localTransform": [
                0.9999930262565613, 
                0.0033526699990034103, 
                0.0016421000473201275, 
                0.0, 
                -0.0033567200880497694, 
                0.9999909996986389, 
                0.0024026199243962765, 
                0.0, 
                -0.0016339300200343132, 
                -0.0024081498850136995, 
                0.9999960064888, 
                0.0, 
                0.003846169915050268, 
                -11.026800155639648, 
                0.1009100005030632, 
                1.0
            ], 
            "name": "sword", 
            "offsetTransform": [
                0.08154209703207016, 
                0.11958900094032288, 
                0.9894689917564392, 
                0.0, 
                -0.826225996017456, 
                0.5633379817008972, 
                3.1813999612495536e-06, 
                0.0, 
                -0.5574060082435608, 
                -0.8175259828567505, 
                0.14474299550056458, 
                0.0, 
                14.181699752807617, 
                37.41780090332031, 
                -15.60509967803955, 
                1.0
            ], 
            "parent": "sheath"
        }, 
        {
            "children": [
                "pelvis", 
                "thigh.R", 
                "thigh.L"
            ], 
            "index": 4, 
            "localTransform": [
                -0.12789799273014069, 
                -0.991786003112793, 
                -6.722789862578793e-07, 
                0.0, 
                0.9917870163917542, 
                -0.12789799273014069, 
                1.127590053329186e-06, 
                0.0, 
                -3.9790401334081904e-13, 
                -5.364410071706516e-07, 
                0.9999989867210388, 
                0.0, 
                26.15060043334961, 
                -2.0480101108551025, 
                0.014091599732637405, 
                1.0
            ], 
            "name": "pubis", 
            "offsetTransform": [
                -6.08268976520776e-07, 
                5.225409722697805e-07, 
                1.0, 
                0.0, 
                0.9917870163917542, 
                0.12789799273014069, 
                5.225409722697805e-07, 
                0.0, 
                -0.12789799273014069, 
                0.9917870163917542, 
                -6.08268976520776e-07, 
                0.0, 
                1.2963500022888184, 
                -26.193899154663086, 
                -0.014061200432479382, 
                1.0
            ], 
            "parent": "origin"
        }, 
        {
            "children": [
                "spine"
            ], 
            "index": 5, 
            "localTransform": [
                0.9624509811401367, 
                0.27145400643348694, 
                0.00016648700693622231, 
                0.0, 
                -0.27145400643348694, 
                0.9624509811401367, 
                0.0011229299707338214, 
                0.0, 
                0.00014457300130743533, 
                -0.0011259899474680424, 
                0.9999989867210388, 
                0.0, 
                5.960459930065554e-06, 
                4.130579948425293, 
                -2.2156200429890305e-06, 
                1.0
            ], 
            "name": "pelvis", 
            "offsetTransform": [
                0.00016606600547675043, 
                0.0011236199643462896, 
                0.9999989867210388, 
                0.0, 
                0.9892659783363342, 
                -0.14612899720668793, 
                -8.440110121910038e-08, 
                0.0, 
                0.14612899720668793, 
                0.9892650246620178, 
                -0.0011358100455254316, 
                0.0, 
                -6.984029769897461, 
                -29.537700653076172, 
                0.020272599533200264, 
                1.0
            ], 
            "parent": "pubis"
        }, 
        {
            "children": [
                "neck", 
                "upperarm.L", 
                "upperarm.R"
            ], 
            "index": 6, 
            "localTransform": [
                0.9892640113830566, 
                -0.14613699913024902, 
                -7.532929657827481e-08, 
                0.0, 
                0.14613699913024902, 
                0.9892640113830566, 
                -0.0011357800103724003, 
                0.0, 
                0.00016609499289188534, 
                0.0011236199643462896, 
                0.9999989867210388, 
                0.0, 
                1.0013600331149064e-05, 
                7.977540016174316, 
                -6.183980190144212e-07, 
                1.0
            ], 
            "name": "spine", 
            "offsetTransform": [
                -2.98022992950564e-08, 
                -2.3803200621501375e-13, 
                1.0, 
                0.0, 
                1.0, 
                7.987019671418238e-06, 
                -2.3803200621501375e-13, 
                0.0, 
                -7.987019671418238e-06, 
                1.0, 
                -2.98022992950564e-08, 
                0.0, 
                -1.4266999959945679, 
                -38.13309860229492, 
                -0.023037899285554886, 
                1.0
            ], 
            "parent": "pelvis"
        }, 
        {
            "children": [
                "head"
            ], 
            "index": 7, 
            "localTransform": [
                0.7526530027389526, 
                0.6584169864654541, 
                1.4704900195283699e-06, 
                0.0, 
                -0.6584169864654541, 
                0.7526530027389526, 
                1.8618500519096415e-07, 
                0.0, 
                -1.0132699799214606e-06, 
                -1.1920999440917512e-06, 
                1.0, 
                0.0, 
                1.3232200217316858e-05, 
                13.487600326538086, 
                -4.0233101117337355e-07, 
                1.0
            ], 
            "name": "neck", 
            "offsetTransform": [
                1.5251099512170185e-06, 
                2.497079947261227e-07, 
                1.0, 
                0.0, 
                0.752659022808075, 
                -0.6584110260009766, 
                -9.841940027399687e-07, 
                0.0, 
                0.6584110260009766, 
                0.752659022808075, 
                -1.138129960054357e-06, 
                0.0, 
                -35.061798095703125, 
                -37.91320037841797, 
                -0.022978799417614937, 
                1.0
            ], 
            "parent": "spine"
        }, 
        {
            "children": [], 
            "index": 8, 
            "localTransform": [
                0.6743249893188477, 
                0.7384349703788757, 
                1.9464299839455634e-05, 
                0.0, 
                -0.7384349703788757, 
                0.6743249893188477, 
                5.085159864393063e-05, 
                0.0, 
                2.4451799617963843e-05, 
                -4.863199865212664e-05, 
                1.0, 
                0.0, 
                -3.814699994109105e-06, 
                4.943970203399658, 
                6.970019967411645e-06, 
                1.0
            ], 
            "name": "head", 
            "offsetTransform": [
                2.06359000003431e-05, 
                4.9892001698026434e-05, 
                1.0, 
                0.0, 
                0.021343300119042397, 
                -0.9997720122337341, 
                4.9440401198808104e-05, 
                0.0, 
                0.9997720122337341, 
                0.021343300119042397, 
                -2.1683399609173648e-05, 
                0.0, 
                -55.290199279785156, 
                -3.008810043334961, 
                -0.021756600588560104, 
                1.0
            ], 
            "parent": "neck"
        }, 
        {
            "children": [
                "forearm.L"
            ], 
            "index": 9, 
            "localTransform": [
                0.9996349811553955, 
                8.022319889278151e-06, 
                -0.02701679989695549, 
                0.0, 
                -0.02701669931411743, 
                2.612390062495251e-06, 
                -0.9996349811553955, 
                0.0, 
                -7.948809980007354e-06, 
                1.0, 
                2.798369905576692e-06, 
                0.0, 
                3.0227699279785156, 
                10.464200019836426, 
                -8.022780418395996, 
                1.0
            ], 
            "name": "upperarm.L", 
            "offsetTransform": [
                -0.02701679989695549, 
                -0.9996349811553955, 
                2.828169954227633e-06, 
                0.0, 
                0.9996349811553955, 
                -0.02701679989695549, 
                3.821099880951806e-08, 
                0.0, 
                3.821099880951806e-08, 
                2.828169954227633e-06, 
                1.0, 
                0.0, 
                -4.664360046386719, 
                -7.876739978790283, 
                -48.5973014831543, 
                1.0
            ], 
            "parent": "spine"
        }, 
        {
            "children": [
                "wrist.L"
            ], 
            "index": 10, 
            "localTransform": [
                0.9962120056152344, 
                0.08695519715547562, 
                -1.227370063361377e-07, 
                0.0, 
                -0.08695519715547562, 
                0.9962120056152344, 
                9.693169822355685e-09, 
                0.0, 
                1.2311500086070737e-07, 
                1.01635999616434e-09, 
                1.0, 
                0.0, 
                -9.536740435578395e-06, 
                12.910900115966797, 
                3.814699994109105e-06, 
                1.0
            ], 
            "name": "forearm.L", 
            "offsetTransform": [
                -0.11383800208568573, 
                -0.9934989809989929, 
                2.823830072884448e-06, 
                0.0, 
                0.9934989809989929, 
                -0.11383800208568573, 
                1.6125299850955344e-07, 
                0.0, 
                1.6125299850955344e-07, 
                2.823830072884448e-06, 
                1.0, 
                0.0, 
                -6.454259872436523, 
                -20.303300857543945, 
                -48.5973014831543, 
                1.0
            ], 
            "parent": "upperarm.L"
        }, 
        {
            "children": [
                "thumb.L", 
                "fingers.L"
            ], 
            "index": 11, 
            "localTransform": [
                0.9924209713935852, 
                -0.12288299947977066, 
                0.0002492110070306808, 
                0.0, 
                0.12284299731254578, 
                0.992048978805542, 
                -0.027347499504685402, 
                0.0, 
                0.003113300073891878, 
                0.027170799672603607, 
                0.9996259808540344, 
                0.0, 
                -0.031269099563360214, 
                11.193599700927734, 
                0.010383600369095802, 
                1.0
            ], 
            "name": "wrist.L", 
            "offsetTransform": [
                0.009108600206673145, 
                -0.999584972858429, 
                -0.027345800772309303, 
                0.0, 
                0.9999589920043945, 
                0.009112009778618813, 
                1.5058300562031945e-07, 
                0.0, 
                0.0002490250044502318, 
                -0.027344699949026108, 
                0.9996259808540344, 
                0.0, 
                -2.5160200595855713, 
                -30.706199645996094, 
                -49.465301513671875, 
                1.0
            ], 
            "parent": "forearm.L"
        }, 
        {
            "children": [
                "thm_end.L"
            ], 
            "index": 12, 
            "localTransform": [
                0.7673119902610779, 
                0.5972099900245667, 
                -0.2336069941520691, 
                0.0, 
                -0.6412649750709534, 
                0.712673008441925, 
                -0.2843869924545288, 
                0.0, 
                -0.0033530700020492077, 
                0.3680169880390167, 
                0.929813027381897, 
                0.0, 
                0.05459589883685112, 
                0.018459299579262733, 
                -0.015132900327444077, 
                1.0
            ], 
            "name": "thumb.L", 
            "offsetTransform": [
                -0.5835850238800049, 
                -0.7104420065879822, 
                -0.3933210074901581, 
                0.0, 
                0.7727220058441162, 
                -0.6347450017929077, 
                6.109480068516859e-07, 
                0.0, 
                -0.24965900182724, 
                -0.3039279878139496, 
                0.9194009900093079, 
                0.0, 
                -8.769619941711426, 
                -6.185210227966309, 
                -57.27790069580078, 
                1.0
            ], 
            "parent": "wrist.L"
        }, 
        {
            "children": [], 
            "index": 13, 
            "localTransform": [
                0.9288060069084167, 
                -0.3705669939517975, 
                -1.445410021005955e-06, 
                0.0, 
                0.3705669939517975, 
                0.9288060069084167, 
                3.57628005076549e-06, 
                0.0, 
                -2.98022992950564e-08, 
                -3.933910193154588e-06, 
                1.0, 
                0.0, 
                6.67572021484375e-06, 
                3.9685299396514893, 
                7.629389983776491e-06, 
                1.0
            ], 
            "name": "thm_end.L", 
            "offsetTransform": [
                -0.2787710130214691, 
                -0.8761209845542908, 
                -0.3933190107345581, 
                0.0, 
                0.9529240131378174, 
                -0.30320999026298523, 
                3.0696398880536435e-06, 
                0.0, 
                -0.1192609965801239, 
                -0.37480199337005615, 
                0.919402003288269, 
                0.0, 
                -4.382559776306152, 
                -12.680800437927246, 
                -57.27790069580078, 
                1.0
            ], 
            "parent": "thumb.L"
        }, 
        {
            "children": [
                "fingerstip.L", 
                "lamp"
            ], 
            "index": 14, 
            "localTransform": [
                0.9994750022888184, 
                0.03130060061812401, 
                0.008365030400454998, 
                0.0, 
                -0.028896799311041832, 
                0.9779670238494873, 
                -0.20674900710582733, 
                0.0, 
                -0.014652100391685963, 
                0.20639899373054504, 
                0.9783579707145691, 
                0.0, 
                -4.0531199374527205e-06, 
                5.348639965057373, 
                7.629389983776491e-06, 
                1.0
            ], 
            "name": "fingers.L", 
            "offsetTransform": [
                -0.022412599995732307, 
                -0.9721699953079224, 
                -0.23320099711418152, 
                0.0, 
                0.9997190237045288, 
                -0.019984299317002296, 
                -0.01277059968560934, 
                0.0, 
                0.007754889782518148, 
                -0.23342099785804749, 
                0.9723449945449829, 
                0.0, 
                -4.057010173797607, 
                -24.960800170898438, 
                -55.799598693847656, 
                1.0
            ], 
            "parent": "wrist.L"
        }, 
        {
            "children": [], 
            "index": 15, 
            "localTransform": [
                0.9997190237045288, 
                -0.019983699545264244, 
                -0.012770500034093857, 
                0.0, 
                0.022412100806832314, 
                0.9721699953079224, 
                0.23320400714874268, 
                0.0, 
                0.007754819933325052, 
                -0.23342399299144745, 
                0.9723439812660217, 
                0.0, 
                -1.4305099966804846e-06, 
                2.4385499954223633, 
                -3.814699994109105e-06, 
                1.0
            ], 
            "name": "fingerstip.L", 
            "offsetTransform": [
                -5.960459930065554e-07, 
                -1.0, 
                2.82843006971234e-06, 
                0.0, 
                1.0, 
                -5.960459930065554e-07, 
                8.900660156824225e-13, 
                0.0, 
                8.900660156824225e-13, 
                2.82843006971234e-06, 
                1.0, 
                0.0, 
                -2.7957398891448975, 
                -39.74039840698242, 
                -47.8922004699707, 
                1.0
            ], 
            "parent": "fingers.L"
        }, 
        {
            "children": [], 
            "index": 16, 
            "localTransform": [
                -0.9997190237045288, 
                0.019984299317002296, 
                0.01277059968560934, 
                0.0, 
                -0.007754799909889698, 
                0.23342500627040863, 
                -0.9723439812660217, 
                0.0, 
                -0.022412700578570366, 
                -0.9721689820289612, 
                -0.23320500552654266, 
                0.0, 
                -8.987449645996094, 
                2.990530014038086, 
                -1.3982399702072144, 
                1.0
            ], 
            "name": "lamp", 
            "offsetTransform": [
                0.0, 
                -4.0531199374527205e-06, 
                1.0, 
                0.0, 
                -1.0, 
                0.0, 
                0.0, 
                0.0, 
                0.0, 
                -1.0, 
                -4.0531199374527205e-06, 
                0.0, 
                -6.182380199432373, 
                46.33399963378906, 
                39.74959945678711, 
                1.0
            ], 
            "parent": "fingers.L"
        }, 
        {
            "children": [
                "forearm.R"
            ], 
            "index": 17, 
            "localTransform": [
                0.999396026134491, 
                1.2297899957047775e-05, 
                0.03476160019636154, 
                0.0, 
                -0.03476189821958542, 
                3.8906000554561615e-06, 
                0.999396026134491, 
                0.0, 
                1.2155300282756798e-05, 
                -1.0, 
                4.345550223661121e-06, 
                0.0, 
                3.139039993286133, 
                10.464099884033203, 
                7.906499862670898, 
                1.0
            ], 
            "name": "upperarm.R", 
            "offsetTransform": [
                0.03476189821958542, 
                0.9993950128555298, 
                4.31575017501018e-06, 
                0.0, 
                0.9993950128555298, 
                -0.03476160019636154, 
                4.16825014326605e-06, 
                0.0, 
                4.31575017501018e-06, 
                4.16825014326605e-06, 
                -1.0, 
                0.0, 
                -4.83922004699707, 
                -7.7662200927734375, 
                48.597198486328125, 
                1.0
            ], 
            "parent": "spine"
        }, 
        {
            "children": [
                "wrist.R"
            ], 
            "index": 18, 
            "localTransform": [
                0.9965599775314331, 
                0.0828694999217987, 
                1.6563999452046119e-06, 
                0.0, 
                -0.08286940306425095, 
                0.9965599775314331, 
                1.139139953920676e-06, 
                0.0, 
                -1.5563000488327816e-06, 
                -1.272489953407785e-06, 
                1.0, 
                0.0, 
                9.536739753457368e-07, 
                13.379300117492676, 
                3.814699994109105e-06, 
                1.0
            ], 
            "name": "forearm.R", 
            "offsetTransform": [
                0.11746200174093246, 
                0.9930769801139832, 
                2.9899299534008605e-06, 
                0.0, 
                0.9930769801139832, 
                -0.11746100336313248, 
                2.6571199214231456e-06, 
                0.0, 
                2.9899299534008605e-06, 
                2.6571199214231456e-06, 
                -1.0, 
                0.0, 
                -6.574810028076172, 
                -20.67169952392578, 
                48.597198486328125, 
                1.0
            ], 
            "parent": "upperarm.R"
        }, 
        {
            "children": [
                "thumb.R", 
                "fingers.R"
            ], 
            "index": 19, 
            "localTransform": [
                0.9930769801139832, 
                -0.11746100336313248, 
                -2.6604999220580794e-05, 
                0.0, 
                0.1173039972782135, 
                0.9917420148849487, 
                0.051845699548721313, 
                0.0, 
                -0.006063459906727076, 
                -0.05149000138044357, 
                0.9986550211906433, 
                0.0, 
                0.028227800503373146, 
                10.991399765014648, 
                0.02087019942700863, 
                1.0
            ], 
            "name": "wrist.R", 
            "offsetTransform": [
                7.432129791595798e-07, 
                0.9986550211906433, 
                -0.05184280127286911, 
                0.0, 
                1.0, 
                7.432129791595798e-07, 
                2.926299930550158e-05, 
                0.0, 
                2.926299930550158e-05, 
                -0.05184280127286911, 
                -0.9986550211906433, 
                0.0, 
                -2.839449882507324, 
                -29.657699584960938, 
                50.181400299072266, 
                1.0
            ], 
            "parent": "forearm.R"
        }, 
        {
            "children": [
                "thm_end.R"
            ], 
            "index": 20, 
            "localTransform": [
                0.7596520185470581, 
                0.6026059985160828, 
                0.24453000724315643, 
                0.0, 
                -0.6503300070762634, 
                0.7039219737052917, 
                0.28559601306915283, 
                0.0, 
                -2.809040051943157e-05, 
                -0.3759790062904358, 
                0.9266279935836792, 
                0.0, 
                5.960459930065554e-06, 
                -0.1251640021800995, 
                -0.06653209775686264, 
                1.0
            ], 
            "name": "thumb.R", 
            "offsetTransform": [
                0.589119017124176, 
                0.688169002532959, 
                -0.4235120117664337, 
                0.0, 
                0.759660005569458, 
                -0.6503210067749023, 
                -1.2665999520322657e-06, 
                0.0, 
                -0.27542001008987427, 
                -0.3217250108718872, 
                -0.9058899879455566, 
                0.0, 
                -7.666309833526611, 
                -4.591350078582764, 
                57.664798736572266, 
                1.0
            ], 
            "parent": "wrist.R"
        }, 
        {
            "children": [], 
            "index": 21, 
            "localTransform": [
                0.8961799740791321, 
                -0.4436900019645691, 
                1.6391300050599966e-06, 
                0.0, 
                0.4436900019645691, 
                0.8961799740791321, 
                -9.000300451589283e-06, 
                0.0, 
                2.5183001071127364e-06, 
                8.761880053498317e-06, 
                1.0, 
                0.0, 
                -9.536739753457368e-07, 
                4.224100112915039, 
                -7.629389983776491e-06, 
                1.0
            ], 
            "name": "thm_end.R", 
            "offsetTransform": [
                0.22262300550937653, 
                0.8781129717826843, 
                -0.4235050082206726, 
                0.0, 
                0.9693329930305481, 
                -0.2457520067691803, 
                -5.073849933978636e-06, 
                0.0, 
                -0.10408099740743637, 
                -0.41051599383354187, 
                -0.9058939814567566, 
                0.0, 
                -2.958980083465576, 
                -11.302200317382812, 
                57.66469955444336, 
                1.0
            ], 
            "parent": "thumb.R"
        }, 
        {
            "children": [
                "fingerstip.R"
            ], 
            "index": 22, 
            "localTransform": [
                1.0, 
                3.6008600545756053e-06, 
                2.6824200176633894e-05, 
                0.0, 
                -5.999010227242252e-06, 
                0.9963870048522949, 
                0.08492650091648102, 
                0.0, 
                -2.6415900720166974e-05, 
                -0.08492650091648102, 
                0.9963870048522949, 
                0.0, 
                -4.768370217789197e-06, 
                5.160580158233643, 
                -0.00014877300418447703, 
                1.0
            ], 
            "name": "fingers.R", 
            "offsetTransform": [
                3.0811800115770893e-06, 
                0.9906439781188965, 
                -0.13646799325942993, 
                0.0, 
                1.0, 
                -2.6401999093650375e-06, 
                2.67262998931983e-06, 
                0.0, 
                2.2755700683774194e-06, 
                -0.13646799325942993, 
                -0.9906439781188965, 
                0.0, 
                -2.8382298946380615, 
                -30.430700302124023, 
                52.957298278808594, 
                1.0
            ], 
            "parent": "wrist.R"
        }, 
        {
            "children": [], 
            "index": 23, 
            "localTransform": [
                1.0, 
                -3.6166700283501996e-06, 
                -4.798900121727456e-08, 
                0.0, 
                2.4851399302860955e-06, 
                0.9906449913978577, 
                -0.1364710032939911, 
                0.0, 
                5.528680162569799e-07, 
                0.1364710032939911, 
                0.9906449913978577, 
                0.0, 
                1.4305099966804846e-06, 
                2.4938600063323975, 
                -3.814699994109105e-06, 
                1.0
            ], 
            "name": "fingerstip.R", 
            "offsetTransform": [
                5.96037978084496e-07, 
                0.9999989867210388, 
                2.8284200652706204e-06, 
                0.0, 
                0.9999989867210388, 
                5.96037978084496e-07, 
                2.8284200652706204e-06, 
                0.0, 
                2.8284200652706204e-06, 
                2.8284200652706204e-06, 
                -0.9999989867210388, 
                0.0, 
                -2.8381600379943848, 
                -39.84360122680664, 
                47.96860122680664, 
                1.0
            ], 
            "parent": "fingers.R"
        }, 
        {
            "children": [
                "shin.R"
            ], 
            "index": 24, 
            "localTransform": [
                -0.9992319941520691, 
                -0.03918980062007904, 
                -8.129840125548071e-07, 
                0.0, 
                0.03918980062007904, 
                -0.9992319941520691, 
                2.4369398943235865e-06, 
                0.0, 
                -8.893960057321237e-07, 
                2.4695300453458913e-06, 
                1.0, 
                0.0, 
                -1.269670009613037, 
                3.9521000385284424, 
                5.241199970245361, 
                1.0
            ], 
            "name": "thigh.R", 
            "offsetTransform": [
                -2.0460899463614624e-07, 
                1.956510004674783e-06, 
                1.0, 
                0.0, 
                -0.996038019657135, 
                -0.08893179893493652, 
                -7.050029893207466e-08, 
                0.0, 
                0.08893179893493652, 
                -0.996038019657135, 
                1.8913100348072476e-06, 
                0.0, 
                -1.3826299905776978, 
                30.223400115966797, 
                -5.255340099334717, 
                1.0
            ], 
            "parent": "pubis"
        }, 
        {
            "children": [
                "ankle.R"
            ], 
            "index": 25, 
            "localTransform": [
                0.9823989868164062, 
                0.18679599463939667, 
                1.6120400232466636e-06, 
                0.0, 
                -0.18679599463939667, 
                0.9823989868164062, 
                -3.095119893714582e-07, 
                0.0, 
                -1.6241499452007702e-06, 
                9.435370174060154e-08, 
                1.0, 
                0.0, 
                9.059909643838182e-06, 
                13.074299812316895, 
                -2.3841901111154584e-06, 
                1.0
            ], 
            "name": "shin.R", 
            "offsetTransform": [
                1.7423999452148564e-06, 
                1.5642100379409385e-06, 
                1.0, 
                0.0, 
                -0.9951180219650269, 
                0.0986889973282814, 
                1.5642100379409385e-06, 
                0.0, 
                -0.09868890047073364, 
                -0.9951180219650269, 
                1.7423999452148564e-06, 
                0.0, 
                1.8450499773025513, 
                17.105499267578125, 
                -5.255340099334717, 
                1.0
            ], 
            "parent": "thigh.R"
        }, 
        {
            "children": [
                "toe.R"
            ], 
            "index": 26, 
            "localTransform": [
                0.454602986574173, 
                -0.8906940221786499, 
                2.0515899450401776e-06, 
                0.0, 
                0.8906940221786499, 
                0.454602986574173, 
                2.600130073915352e-06, 
                0.0, 
                -3.2328400720871286e-06, 
                6.200959887792123e-07, 
                1.0, 
                0.0, 
                -0.035384900867938995, 
                14.148900032043457, 
                -4.768369876728684e-07, 
                1.0
            ], 
            "name": "ankle.R", 
            "offsetTransform": [
                1.4208400216375594e-06, 
                4.8606198106426746e-06, 
                1.0, 
                0.0, 
                -0.5402860045433044, 
                -0.8414819836616516, 
                4.8606198106426746e-06, 
                0.0, 
                0.8414819836616516, 
                -0.5402860045433044, 
                1.4208400216375594e-06, 
                0.0, 
                -1.7785999774932861, 
                3.018970012664795, 
                -5.255340099334717, 
                1.0
            ], 
            "parent": "shin.R"
        }, 
        {
            "children": [
                "tiptoe.R"
            ], 
            "index": 27, 
            "localTransform": [
                0.8688960075378418, 
                -0.49499401450157166, 
                -1.1033699820472975e-06, 
                0.0, 
                0.49499401450157166, 
                0.8688960075378418, 
                1.742650056257844e-05, 
                0.0, 
                -7.6659198384732e-06, 
                -1.5690400687162764e-05, 
                1.0, 
                0.0, 
                1.6331699953298084e-05, 
                4.0973100662231445, 
                -1.955029983946588e-05, 
                1.0
            ], 
            "name": "toe.R", 
            "offsetTransform": [
                -2.277180101373233e-06, 
                2.2354599423124455e-05, 
                1.0, 
                0.0, 
                -0.05292360112071037, 
                -0.9985989928245544, 
                2.2204299966688268e-05, 
                0.0, 
                0.9985989928245544, 
                -0.05292360112071037, 
                3.444929916440742e-06, 
                0.0, 
                -1.0116599798202515, 
                -1.8174599409103394, 
                -5.2552900314331055, 
                1.0
            ], 
            "parent": "ankle.R"
        }, 
        {
            "children": [], 
            "index": 28, 
            "localTransform": [
                0.9985989928245544, 
                -0.05292360112071037, 
                2.8488900625234237e-06, 
                0.0, 
                0.05292370170354843, 
                0.9986000061035156, 
                -2.2204299966688268e-05, 
                0.0, 
                -2.8723900413751835e-06, 
                2.2386100681615062e-05, 
                1.0, 
                0.0, 
                7.319449650822207e-05, 
                3.425299882888794, 
                -7.677079702261835e-05, 
                1.0
            ], 
            "name": "tiptoe.R", 
            "offsetTransform": [
                5.960459930065554e-07, 
                0.0, 
                0.9999989867210388, 
                0.0, 
                0.0, 
                -0.9999989867210388, 
                0.0, 
                0.0, 
                0.9999989867210388, 
                0.0, 
                5.960459930065554e-07, 
                0.0, 
                -0.7328680157661438, 
                -5.288839817047119, 
                -5.2553300857543945, 
                1.0
            ], 
            "parent": "toe.R"
        }, 
        {
            "children": [
                "shin.L"
            ], 
            "index": 29, 
            "localTransform": [
                -0.9992319941520691, 
                -0.03918980062007904, 
                -8.129840125548071e-07, 
                0.0, 
                0.03918980062007904, 
                -0.9992319941520691, 
                2.4369398943235865e-06, 
                0.0, 
                -8.893960057321237e-07, 
                2.4695300453458913e-06, 
                1.0, 
                0.0, 
                -1.2696599960327148, 
                3.95209002494812, 
                -5.223289966583252, 
                1.0
            ], 
            "name": "thigh.L", 
            "offsetTransform": [
                -2.0460899463614624e-07, 
                1.956510004674783e-06, 
                1.0, 
                0.0, 
                -0.996038019657135, 
                -0.08893179893493652, 
                -7.050029893207466e-08, 
                0.0, 
                0.08893179893493652, 
                -0.996038019657135, 
                1.8913100348072476e-06, 
