{"vertexWeight":{"127":[17,1.0],"71":[22,1.0],"560":[11,0.8,12,0.2],"512":[6,0.43661,9,0.56339],"463":[11,1.0],"458":[11,1.0],"517":[6,0.0500258,7,0.622839,8,0.327136],"451":[2,0.769619,10,0.230381],"454":[2,0.2,10,0.8],"722":[3,1.0],"634":[3,1.0],"578":[12,0.40799,15,0.59201],"695":[2,0.490467,3,0.509533],"728":[3,1.0],"742":[3,1.0],"29":[18,0.5,19,0.5],"325":[1,0.159693,2,0.640307,4,0.2],"350":[2,0.2,4,0.8],"378":[1,0.0799453,2,0.320055,10,0.6],"540":[12,1.0],"58":[22,0.5,23,0.5],"153":[17,0.75,1,0.0489383,16,0.201062],"211":[21,0.534686,22,0.465314],"684":[3,1.0],"337":[5,1.0],"101":[19,1.0],"76":[22,0.5,23,0.5],"311":[4,1.0],"340":[4,1.0],"571":[12,0.0554386,13,0.582663,14,0.361898],"389":[2,0.468672,3,0.531328],"495":[6,0.860303,9,0.139697],"236":[17,0.140999,21,0.129582,1,0.175666,16,0.553753],"218":[17,0.199344,21,0.182316,1,0.0489064,16,0.569434],"14":[18,1.0],"758":[2,0.439157,3,0.560843],"706":[3,1.0],"285":[2,0.468672,3,0.531328],"234":[21,1.0],"594":[13,0.00131709,14,0.998683],"96":[19,0.101828,20,0.898172],"486":[5,0.8,6,0.2],"160":[17,0.204512,21,0.187344,1,0.0767294,16,0.531414],"569":[11,1.0],"8":[18,1.0],"98":[18,0.0674413,19,0.484216,20,0.448343],"43":[20,1.0],"686":[3,1.0],"391":[2,0.786291,10,0.213709],"193":[21,0.548171,22,0.451829],"288":[2,0.481644,3,0.518356],"119":[18,0.420501,17,0.579499],"180":[17,0.333333,1,0.333333,16,0.333333],"586":[12,0.371417,13,0.62823,14,0.000353205],"410":[10,0.505059,11,0.494942],"246":[17,0.25,21,0.234519,1,0.154889,16,0.360592],"690":[3,1.0],"61":[22,1.0],"430":[1,0.158727,2,0.641269,10,0.200004],"447":[10,1.0],"536":[8,1.0],"415":[10,1.0],"189":[22,1.0],"480":[5,0.8,6,0.2],"107":[22,0.081995,23,0.477183,24,0.440822],"438":[11,1.0],"87":[24,1.0],"444":[10,1.0],"508":[6,0.406712,9,0.593288],"221":[21,0.75,1,0.045776,16,0.204224],"39":[19,0.101828,20,0.898172],"558":[12,0.999534,13,0.000465714],"12":[18,1.0],"417":[10,1.0],"260":[21,0.0108102,1,0.650583,16,0.207637,2,0.13097],"573":[12,0.046807,13,0.682416,14,0.270777],"762":[3,1.0],"638":[3,1.0],"734":[3,1.0],"1":[18,1.0],"116":[18,1.0],"136":[18,0.467854,17,0.532147],"144":[17,0.598654,1,0.0930258,16,0.30832],"506":[6,0.618448,7,0.381552],"661":[3,1.0],"381":[1,0.158727,2,0.641269,10,0.200004],"581":[12,0.371862,15,0.628138],"308":[2,0.2,4,0.8],"177":[17,0.25,21,0.234519,1,0.154889,16,0.360592],"678":[3,1.0],"373":[1,0.152513,2,0.646528,10,0.20096],"773":[3,1.0],"22":[18,1.0],"205":[22,1.0],"301":[4,1.0],"51":[22,1.0],"456":[2,0.769619,10,0.230381],"652":[3,1.0],"493":[6,0.688266,7,0.000575145,9,0.311159],"366":[21,0.0581296,1,0.578047,16,0.220739,2,0.143084],"272":[1,0.177605,2,0.773987,3,0.0484081],"775":[3,1.0],"400":[10,1.0],"534":[8,1.0],"20":[18,1.0],"746":[3,1.0],"633":[3,1.0],"151":[17,0.199344,21,0.182316,1,0.0489064,16,0.569434],"744":[3,1.0],"468":[5,0.8,6,0.2],"287":[2,0.785438,4,0.214562],"78":[23,1.0],"475":[6,1.0],"700":[3,1.0],"294":[4,1.0],"349":[2,0.2,4,0.8],"764":[3,1.0],"413":[11,1.0],"515":[6,0.401313,7,0.597947,8,0.000740608],"138":[18,1.0],"606":[14,1.0],"137":[18,1.0],"724":[3,1.0],"432":[2,0.2,10,0.8],"666":[3,1.0],"519":[6,0.0189606,7,0.416018,8,0.565021],"17":[18,1.0],"708":[3,1.0],"110":[18,1.0],"333":[4,1.0],"710":[3,1.0],"323":[5,1.0],"112":[18,1.0],"191":[21,0.3,22,0.7],"545":[12,1.0],"187":[22,1.0],"588":[12,0.0237765,13,0.406581,14,0.569643],"646":[3,1.0],"756":[3,1.0],"446":[2,0.2,10,0.8],"262":[1,0.540764,2,0.459236],"212":[22,1.0],"542":[12,1.0],"574":[12,0.723182,15,0.276225,13,0.000592749],"170":[17,0.35,21,0.265246,1,0.064873,16,0.319881],"33":[18,0.0674413,19,0.484216,20,0.448343],"660":[3,1.0],"7":[18,1.0],"26":[19,1.0],"227":[17,0.140999,21,0.129582,1,0.175666,16,0.553753],"526":[6,0.0453993,7,0.679403,8,0.275198],"566":[12,0.862821,15,0.137179],"255":[17,0.0966758,21,0.0888329,1,0.421309,16,0.393183],"264":[1,0.547372,2,0.452628],"359":[5,1.0],"182":[17,0.0966758,21,0.0888329,1,0.421309,16,0.393183],"108":[23,1.0],"604":[14,1.0],"556":[11,1.0],"717":[3,1.0],"232":[17,0.204512,21,0.187344,1,0.0767294,16,0.531414],"477":[5,1.0],"671":[3,1.0],"225":[21,0.75,1,0.045776,16,0.204224],"142":[17,1.0],"207":[22,1.0],"167":[17,0.6,1,0.146717,16,0.253284],"48":[22,1.0],"330":[4,1.0],"360":[5,1.0],"692":[3,1.0],"663":[3,1.0],"510":[5,0.8,6,0.2],"393":[2,0.490467,3,0.509533],"449":[10,1.0],"658":[3,1.0],"274":[1,0.49744,2,0.50256],"549":[11,0.8,12,0.2],"659":[3,1.0],"766":[3,1.0],"682":[3,1.0],"353":[5,1.0],"375":[1,0.158727,2,0.641269,10,0.200004],"128":[18,1.0],"250":[17,0.0973109,21,0.104904,1,0.397785,16,0.4],"303":[4,1.0],"614":[3,1.0],"501":[6,0.0540492,7,0.57537,8,0.370581],"278":[2,0.922555,10,0.0774452],"490":[5,0.8,6,0.2],"130":[18,1.0],"53":[22,1.0],"387":[2,0.439157,3,0.560843],"155":[17,0.6,1,0.146717,16,0.253284],"626":[3,1.0],"461":[11,1.0],"583":[12,0.496257,15,0.503533,13,0.000209645],"257":[17,0.199344,21,0.182316,1,0.0489064,16,0.569434],"85":[22,0.0174558,23,0.00398571,24,0.978559],"425":[11,1.0],"591":[14,1.0],"736":[3,1.0],"539":[12,1.0],"276":[1,0.214545,2,0.746157,3,0.0392982],"102":[23,0.0515289,24,0.948471],"520":[6,0.0189606,7,0.416018,8,0.565021],"532":[8,1.0],"55":[22,1.0],"57":[22,1.0],"424":[11,1.0],"259":[17,0.103793,21,0.0954832,1,0.414437,16,0.386286],"163":[17,0.140999,21,0.129582,1,0.175666,16,0.553753],"395":[2,0.490467,3,0.509533],"89":[24,1.0],"175":[17,0.25,21,0.234519,1,0.154889,16,0.360592],"584":[12,0.435239,15,0.564761],"35":[19,0.0793466,20,0.920653],"347":[2,0.77,4,0.23],"665":[3,1.0],"434":[10,1.0],"442":[11,1.0],"649":[3,1.0],"689":[3,1.0],"642":[3,1.0],"648":[3,1.0],"198":[22,1.0],"727":[3,1.0],"320":[5,0.8,6,0.2],"202":[22,1.0],"184":[22,1.0],"249":[17,0.25,21,0.234519,1,0.154889,16,0.360592],"361":[5,0.8,6,0.2],"140":[18,0.458465,17,0.541535],"465":[11,0.8,12,0.2],"181":[17,0.243569,1,0.385315,16,0.371116],"385":[2,0.769619,10,0.230381],"307":[4,1.0],"412":[2,0.2,10,0.8],"154":[17,0.204512,21,0.187344,1,0.0767294,16,0.531414],"754":[3,1.0],"479":[6,1.0],"704":[3,1.0],"326":[1,0.150683,2,0.647991,4,0.201326],"681":[3,1.0],"619":[3,1.0],"335":[5,1.0],"5":[18,1.0],"698":[3,1.0],"621":[3,1.0],"524":[7,0.00110482,8,0.998895],"554":[12,0.862821,15,0.137179],"552":[12,0.786696,13,0.213304],"598":[14,1.0],"74":[22,0.55847,23,0.384194,24,0.0573365],"240":[21,0.6,1,0.139245,16,0.260755],"440":[11,1.0],"230":[21,0.434794,1,0.130412,16,0.434794],"115":[18,1.0],"299":[4,1.0],"377":[1,0.177605,2,0.773987,3,0.0484081],"602":[14,1.0],"612":[2,0.481644,3,0.518356],"91":[23,1.0],"467":[11,1.0],"474":[6,1.0],"481":[6,0.999407,7,0.000592533],"214":[21,0.537088,22,0.462912],"701":[3,1.0],"564":[12,0.496257,15,0.503533,13,0.000209645],"563":[12,0.683921,15,0.3156,13,0.000479195],"731":[3,1.0],"657":[3,1.0],"229":[21,0.6,1,0.139245,16,0.260755],"768":[3,1.0],"503":[6,0.0453993,7,0.679403,8,0.275198],"673":[3,1.0],"68":[22,0.5,23,0.5],"315":[4,1.0],"338":[5,1.0],"576":[12,0.653481,13,0.346519],"222":[21,1.0],"25":[18,0.5,19,0.5],"738":[3,1.0],"484":[6,0.860303,9,0.139697],"305":[5,1.0],"761":[3,1.0],"544":[12,1.0],"623":[3,1.0],"217":[21,0.595737,1,0.0907406,16,0.313523],"328":[4,0.500052,5,0.499948],"239":[17,0.115703,21,0.106476,1,0.317172,16,0.46065],"122":[18,0.7,17,0.3],"158":[17,1.0],"363":[5,1.0],"46":[20,1.0],"269":[1,0.424787,2,0.575213],"733":[3,1.0],"281":[2,0.77,4,0.23],"36":[18,0.0114414,19,0.0138844,20,0.974674],"630":[3,1.0],"628":[3,1.0],"472":[6,1.0],"748":[3,1.0],"317":[4,1.0],"608":[3,1.0],"132":[18,0.458465,17,0.541535],"711":[3,1.0],"546":[12,0.92083,15,0.0791705],"537":[8,1.0],"125":[18,0.477401,17,0.522599],"522":[8,1.0],"44":[19,1.0],"667":[3,1.0],"741":[3,1.0],"714":[3,1.0],"313":[4,1.0],"529":[8,1.0],"397":[10,1.0],"459":[11,1.0],"284":[2,0.489741,3,0.510259],"247":[17,0.204512,21,0.187344,1,0.0767294,16,0.531414],"165":[17,0.5,1,0.141585,16,0.358415],"289":[2,0.785438,4,0.214562],"729":[3,1.0],"2":[18,1.0],"771":[3,1.0],"401":[10,1.0],"186":[22,1.0],"147":[17,0.75,1,0.0647306,16,0.185269],"319":[5,1.0],"404":[1,0.158727,2,0.641269,10,0.200004],"516":[6,0.364222,7,0.635351,8,0.00042749],"735":[3,1.0],"702":[3,1.0],"344":[4,1.0],"636":[3,1.0],"561":[12,0.596198,13,0.403802],"209":[22,1.0],"357":[5,1.0],"117":[18,0.7,17,0.3],"455":[10,1.0],"80":[22,0.081995,23,0.477183,24,0.440822],"600":[14,1.0],"336":[5,1.0],"457":[11,1.0],"383":[2,1.0],"696":[3,1.0],"297":[4,1.0],"92":[23,1.0],"10":[18,1.0],"550":[12,1.0],"505":[6,0.727511,7,0.000712886,9,0.271777],"670":[3,1.0],"419":[10,1.0],"290":[2,0.785438,4,0.214562],"149":[17,1.0],"592":[14,1.0],"210":[22,1.0],"712":[3,1.0],"406":[10,1.0],"173":[17,0.25,21,0.234519,1,0.154889,16,0.360592],"530":[8,1.0],"66":[22,0.5,23,0.5],"19":[18,0.5,19,0.5],"625":[3,1.0],"365":[21,0.0108102,1,0.650583,16,0.207637,2,0.13097],"763":[3,1.0],"470":[6,1.0],"570":[12,0.371417,13,0.62823,14,0.000353205],"654":[3,1.0],"252":[17,0.103793,21,0.0954832,1,0.414437,16,0.386286],"156":[17,0.419893,1,0.152909,16,0.427198],"283":[2,0.439157,3,0.560843],"655":[3,1.0],"59":[22,1.0],"421":[10,1.0],"271":[1,0.587206,2,0.412795],"491":[6,0.589402,7,0.410598],"219":[17,0.286262,21,0.260963,1,0.0375392,16,0.415236],"13":[18,0.5,19,0.5],"105":[23,0.121709,24,0.878291],"597":[13,0.00563352,14,0.994367],"111":[18,1.0],"390":[2,0.786291,10,0.213709],"38":[18,0.0154679,19,0.00583827,20,0.978694],"408":[10,0.500014,11,0.499986],"196":[21,0.3,22,0.7],"242":[21,1.0],"559":[12,1.0],"32":[19,1.0],"118":[18,1.0],"206":[21,0.537088,22,0.462912],"443":[10,1.0],"331":[4,1.0],"358":[1,0.159693,2,0.640307,4,0.2],"737":[3,1.0],"580":[11,0.8,12,0.2],"767":[3,1.0],"84":[23,1.0],"437":[2,0.786291,10,0.213709],"194":[22,1.0],"220":[21,0.75,1,0.0596112,16,0.190389],"31":[19,1.0],"572":[12,0.0253741,13,0.378035,14,0.596591],"675":[2,0.468672,3,0.531328],"226":[21,0.75,1,0.0596112,16,0.190389],"15":[18,1.0],"431":[10,0.500207,11,0.499793],"527":[7,0.00504228,8,0.994958],"382":[2,0.922555,10,0.0774452],"62":[22,1.0],"139":[18,0.458465,17,0.541535],"129":[18,1.0],"548":[12,1.0],"739":[3,1.0],"662":[3,1.0],"418":[10,1.0],"168":[17,1.0],"135":[18,1.0],"348":[2,0.77,4,0.23],"145":[17,0.286262,21,0.260963,1,0.0375392,16,0.415236],"49":[22,1.0],"178":[17,0.103793,21,0.0954832,1,0.414437,16,0.386286],"124":[18,1.0],"627":[3,1.0],"772":[3,1.0],"715":[3,1.0],"0":[18,1.0],"23":[18,0.5,19,0.5],"364":[21,0.246531,1,0.388463,16,0.365007],"653":[3,1.0],"388":[2,0.489741,3,0.510259],"509":[6,0.406712,9,0.593288],"367":[1,0.556996,2,0.443004],"716":[3,1.0],"485":[6,1.0],"685":[3,1.0],"21":[18,0.5,19,0.5],"523":[8,1.0],"720":[3,1.0],"743":[3,1.0],"460":[11,1.0],"324":[4,1.0],"244":[21,0.268466,1,0.297232,16,0.434302],"637":[3,1.0],"351":[4,1.0],"453":[2,0.2,10,0.8],"595":[13,0.00563352,14,0.994367],"488":[6,0.999407,7,0.000592533],"752":[3,1.0],"723":[3,1.0],"379":[1,0.49744,2,0.50256],"113":[18,1.0],"152":[17,0.140999,21,0.129582,1,0.175666,16,0.553753],"342":[2,0.2,4,0.8],"452":[2,0.769619,10,0.230381],"295":[4,0.500758,5,0.499242],"341":[4,1.0],"535":[8,1.0],"77":[23,1.0],"579":[12,0.40799,15,0.59201],"683":[3,1.0],"541":[11,0.8,12,0.2],"64":[22,1.0],"765":[3,1.0],"312":[2,0.8,4,0.2],"45":[19,1.0],"405":[10,1.0],"507":[6,0.645643,7,0.354357],"237":[21,0.75,1,0.0422989,16,0.207701],"370":[1,0.519808,2,0.480193],"309":[5,1.0],"567":[12,1.0],"416":[2,0.8,10,0.2],"100":[19,1.0],"380":[1,0.214545,2,0.746157,3,0.0392982],"300":[1,0.158154,2,0.64184,4,0.200006],"120":[18,1.0],"286":[2,0.785438,4,0.214562],"254":[21,0.247604,1,0.387929,16,0.364466],"392":[2,0.786291,10,0.213709],"496":[6,0.561247,9,0.438753],"605":[14,1.0],"607":[14,1.0],"42":[20,1.0],"644":[3,1.0],"759":[2,0.468672,3,0.531328],"399":[10,0.501281,11,0.498719],"235":[21,0.36696,1,0.26608,16,0.36696],"694":[2,0.489741,3,0.510259],"436":[10,1.0],"94":[20,1.0],"213":[21,0.537088,22,0.462912],"568":[11,1.0],"265":[1,0.51902,2,0.48098],"296":[4,1.0],"171":[17,0.260573,1,0.312644,16,0.426783],"386":[2,0.8,10,0.2],"445":[10,1.0],"200":[21,1.0],"329":[2,0.785438,4,0.214562],"525":[7,0.00504228,8,0.994958],"27":[18,0.612857,19,0.342263,20,0.0448797],"161":[17,1.0],"582":[12,0.435239,15,0.564761],"109":[23,1.0],"557":[11,0.8,12,0.2],"718":[3,1.0],"441":[11,1.0],"672":[3,1.0],"769":[3,1.0],"275":[17,0.0966758,21,0.0888329,1,0.421309,16,0.393183],"197":[22,1.0],"751":[3,1.0],"60":[22,0.5,23,0.5],"691":[3,1.0],"346":[2,0.785438,4,0.214562],"427":[10,1.0],"677":[3,1.0],"82":[23,0.0515289,24,0.948471],"650":[3,1.0],"590":[12,0.019637,13,0.425541,14,0.554822],"69":[22,1.0],"664":[3,1.0],"224":[21,0.434794,1,0.130412,16,0.434794],"79":[23,1.0],"617":[3,1.0],"352":[2,0.77,4,0.23],"126":[17,1.0],"251":[21,0.246531,1,0.388463,16,0.365007],"426":[11,1.0],"369":[1,0.547372,2,0.452628],"279":[2,1.0],"176":[17,0.0973109,21,0.104904,1,0.397785,16,0.4],"651":[3,1.0],"483":[6,0.727511,7,0.000712886,9,0.271777],"498":[5,1.0],"256":[17,0.0966758,21,0.0888329,1,0.421309,16,0.393183],"372":[21,0.247604,1,0.387929,16,0.364466],"629":[3,1.0],"428":[1,0.0799453,2,0.320055,10,0.6],"99":[18,0.15948,19,0.440323,20,0.400197],"72":[22,0.5,23,0.5],"500":[6,0.364222,7,0.635351,8,0.00042749],"533":[8,1.0],"414":[11,1.0],"462":[1,0.0799453,2,0.320055,10,0.6],"263":[17,0.333333,1,0.333333,16,0.333333],"632":[3,1.0],"394":[2,0.786291,10,0.213709],"514":[6,0.43661,9,0.56339],"610":[2,0.445754,3,0.554246],"725":[3,1.0],"513":[6,0.49595,7,0.000242956,9,0.503807],"615":[3,1.0],"50":[22,1.0],"476":[6,0.920987,9,0.0790128],"293":[4,1.0],"322":[5,1.0],"469":[6,1.0],"635":[3,1.0],"575":[12,0.683921,15,0.3156,13,0.000479195],"645":[3,1.0],"709":[3,1.0],"28":[19,1.0],"40":[20,1.0],"192":[22,1.0],"589":[12,0.019637,13,0.425541,14,0.554822],"310":[5,1.0],"215":[21,1.0],"687":[3,1.0],"699":[3,1.0],"150":[17,0.419893,1,0.152909,16,0.427198],"245":[21,0.36696,1,0.26608,16,0.36696],"267":[17,0.243569,1,0.385315,16,0.371116],"543":[11,1.0],"354":[5,1.0],"757":[3,1.0],"332":[4,1.0],"9":[18,1.0],"34":[19,1.0],"745":[3,1.0],"603":[14,1.0],"90":[24,1.0],"565":[12,0.56042,15,0.43958],"620":[3,1.0],"16":[18,0.5,19,0.5],"730":[3,1.0],"233":[21,0.75,1,0.0422989,16,0.207701],"368":[21,0.333333,1,0.333333,16,0.333333],"316":[2,0.2,4,0.8],"611":[3,1.0],"11":[18,0.5,19,0.5],"492":[6,0.618448,7,0.381552],"208":[21,1.0],"511":[6,0.369258,9,0.630742],"93":[24,1.0],"292":[4,1.0],"291":[2,0.481644,3,0.518356],"374":[1,0.427402,2,0.572598],"114":[18,1.0],"199":[21,0.523955,22,0.476045],"429":[1,0.152513,2,0.646528,10,0.20096],"73":[23,1.0],"409":[11,1.0],"67":[22,1.0],"241":[21,1.0],"489":[6,1.0],"585":[12,0.408504,13,0.590869,14,0.000626794],"327":[1,0.158154,2,0.64184,4,0.200006],"674":[2,0.439157,3,0.560843],"732":[3,1.0],"280":[1,0.0897099,2,0.91029],"273":[1,0.159693,2,0.640307,4,0.2],"471":[5,0.8,6,0.2],"622":[3,1.0],"24":[18,1.0],"104":[24,1.0],"131":[18,1.0],"502":[6,0.0244224,7,0.369622,8,0.605956],"314":[4,1.0],"355":[5,1.0],"159":[17,0.75,1,0.047007,16,0.202993],"553":[12,0.723182,15,0.276225,13,0.000592749],"747":[3,1.0],"555":[12,1.0],"47":[22,1.0],"37":[19,1.0],"270":[1,0.158154,2,0.64184,4,0.200006],"195":[21,0.3,22,0.7],"538":[11,0.8,12,0.2],"679":[3,1.0],"680":[3,1.0],"521":[8,1.0],"162":[17,0.35457,1,0.290861,16,0.35457],"433":[10,1.0],"647":[3,1.0],"334":[5,1.0],"740":[3,1.0],"103":[24,1.0],"201":[21,1.0],"423":[11,0.8,12,0.2],"719":[3,1.0],"266":[1,0.464706,2,0.535294],"174":[17,0.204512,21,0.187344,1,0.0767294,16,0.531414],"422":[11,1.0],"97":[19,0.0793466,20,0.920653],"41":[18,0.15948,19,0.440323,20,0.400197],"668":[3,1.0],"52":[22,1.0],"688":[3,1.0],"302":[4,1.0],"774":[3,1.0],"750":[3,1.0],"693":[2,0.445754,3,0.554246],"593":[14,1.0],"188":[22,1.0],"770":[3,1.0],"402":[10,0.500072,11,0.499929],"641":[3,1.0],"616":[3,1.0],"640":[3,1.0],"83":[22,0.0101867,23,0.0157133,24,0.9741],"755":[3,1.0],"143":[17,0.199344,21,0.182316,1,0.0489064,16,0.569434],"464":[11,1.0],"6":[18,1.0],"562":[12,0.626706,13,0.373294],"183":[17,0.0966758,21,0.0888329,1,0.421309,16,0.393183],"497":[6,1.0],"518":[6,0.0229509,7,0.397719,8,0.57933],"362":[5,0.8,6,0.2],"439":[11,1.0],"169":[17,1.0],"411":[10,1.0],"705":[3,1.0],"478":[6,1.0],"384":[1,0.0897099,2,0.91029],"398":[10,1.0],"407":[10,1.0],"18":[18,1.0],"376":[1,0.587206,2,0.412794],"599":[14,1.0],"587":[12,0.0511386,13,0.630005,14,0.318856],"609":[2,0.489741,3,0.510259],"190":[22,1.0],"95":[20,1.0],"298":[4,0.500011,5,0.499989],"601":[13,0.00221813,14,0.997782],"231":[21,1.0],"243":[17,0.35,21,0.265246,1,0.064873,16,0.319881],"551":[12,0.999534,13,0.000465714],"148":[17,1.0],"343":[4,1.0],"504":[6,0.688266,7,0.000575145,9,0.311159],"697":[3,1.0],"753":[3,1.0],"726":[3,1.0],"106":[22,0.121812,23,0.458272,24,0.419917],"707":[3,1.0],"157":[17,0.75,1,0.0647306,16,0.185269],"65":[22,1.0],"203":[22,1.0],"261":[1,0.60687,16,0.242912,2,0.150219],"81":[23,1.0],"321":[5,1.0],"86":[23,0.121709,24,0.878291],"624":[3,1.0],"371":[1,0.487085,2,0.512915],"656":[3,1.0],"204":[22,1.0],"435":[10,1.0],"339":[4,1.0],"228":[17,0.204512,21,0.187344,1,0.0767294,16,0.531414],"760":[3,1.0],"749":[3,1.0],"268":[1,0.150683,2,0.647991,4,0.201326],"531":[7,0.00191201,8,0.998088],"345":[4,1.0],"172":[17,0.35457,1,0.290861,16,0.35457],"596":[12,0.046807,13,0.682416,14,0.270777],"223":[21,1.0],"613":[3,1.0],"721":[3,1.0],"282":[2,0.8,4,0.2],"669":[3,1.0],"420":[2,0.0521094,10,0.947891],"121":[18,0.7,17,0.3],"639":[3,1.0],"487":[5,1.0],"494":[6,0.49595,7,0.000242956,9,0.503807],"238":[21,0.5,1,0.13221,16,0.36779],"577":[12,0.626706,13,0.373294],"253":[21,0.333333,1,0.333333,16,0.333333],"448":[10,1.0],"216":[21,1.0],"643":[3,1.0],"63":[22,0.5,23,0.5],"179":[17,0.242165,1,0.386724,16,0.371111],"713":[3,1.0],"676":[3,1.0],"277":[1,0.158154,2,0.64184,4,0.200006],"133":[18,1.0],"123":[18,1.0],"304":[4,0.5,5,0.5],"547":[11,1.0],"631":[3,1.0],"258":[17,0.242165,1,0.386724,16,0.371111],"396":[10,1.0],"482":[6,0.780734,7,0.219266],"56":[22,1.0],"499":[5,1.0],"54":[22,1.0],"306":[4,0.503651,5,0.496349],"70":[22,0.5,23,0.5],"166":[17,0.115703,21,0.106476,1,0.317172,16,0.46065],"88":[22,0.121812,23,0.458272,24,0.419917],"30":[19,1.0],"141":[17,1.0],"403":[10,1.0],"466":[11,0.8,12,0.2],"75":[23,1.0],"134":[17,1.0],"618":[3,1.0],"450":[2,0.786291,10,0.213709],"703":[3,1.0],"318":[2,0.0518717,4,0.948128],"473":[5,1.0],"185":[22,1.0],"3":[18,1.0],"146":[17,0.75,1,0.0489383,16,0.201062],"248":[17,0.25,21,0.234519,1,0.154889,16,0.360592],"356":[5,1.0],"4":[18,1.0],"528":[8,1.0],"164":[17,0.75,1,0.047007,16,0.202993]},"primitive":"triangles","meshes":[{"aabbMin":[-6.419750213623047,10.953200340270996,-6.520100116729736],"count":450,"aabbMax":[10.4197998046875,22.833499908447266,4.9793701171875],"offset":0},{"aabbMin":[-5.590579986572266,22.833499908447266,-6.190189838409424],"count":480,"aabbMax":[9.590579986572266,45.19150161743164,3.517849922180176],"offset":900},{"aabbMin":[-22.018400192260742,45.19150161743164,-5.860660076141357],"count":684,"aabbMax":[26.018400192260742,61.29669952392578,5.030179977416992],"offset":1860},{"aabbMin":[-32.654300689697266,55.3224983215332,-4.9096598625183105],"count":558,"aabbMax":[36.654300689697266,58.213600158691406,3.075429916381836],"offset":3228},{"aabbMin":[-1.0629099607467651,60.4276008605957,-3.567960023880005],"count":606,"aabbMax":[5.062920093536377,70.51519775390625,5.734250068664551],"offset":4344}],"boneTable":[{"offsetTransform":[1.0,0.0,0.0,0.0,0.0,1.0,0.0,0.0,0.0,0.0,1.0,0.0,0.0,0.0,0.0,1.0],"index":0,"localTransform":[0.02009980008006096,0.0,0.0,-0.0032267500646412373,0.0,-8.785879801465057e-10,-0.02009980008006096,0.005751179996877909,0.0,0.02009980008006096,-8.785879801465057e-10,0.378711998462677,0.0,0.0,0.0,1.0],"name":"base","children":["spine","hips"],"parent":"root"},{"offsetTransform":[-0.03918680176138878,0.9992319941520691,-3.258410004036705e-7,-45.25429916381836,-0.9992319941520691,-0.03918680176138878,8.026780164982483e-7,3.9554500579833984,7.89290993452596e-7,3.57044996235345e-7,1.0,0.49157100915908813,0.0,0.0,0.0,1.0],"index":1,"localTransform":[-0.03918680176138878,-0.9992319941520691,7.892929829722561e-7,0.12937000393867493,0.9992319941520691,-0.03918680176138878,3.57044996235345e-7,-0.159170001745224,-3.258410004036705e-7,8.02678982836369e-7,1.0,5.96045985901128e-8,0.0,0.0,0.0,1.0],"name":"spine","children":["spine_up"],"parent":"base"},{"offsetTransform":[6.123219704547058e-17,1.0,-4.3711398944878965e-8,-51.9724006652832,-1.0,1.37191004203111e-14,3.1245500053955766e-7,1.9203100204467773,3.1245500053955766e-7,4.3711398944878965e-8,1.0,0.4915879964828491,0.0,0.0,0.0,1.0],"index":2,"localTransform":[0.9992319941520691,0.0391865000128746,3.6023401150941936e-8,6.602940082550049,-0.0391865000128746,0.9992319941520691,4.757910119224107e-7,-0.000009417530236532912,-1.7351199588233612e-8,-4.768369876728684e-7,1.0,5.96045985901128e-8,0.0,0.0,0.0,1.0],"name":"spine_up","children":["head","right_arm","left_arm"],"parent":"spine"},{"offsetTransform":[0.012590199708938599,0.9946449995040894,0.10258399695158005,-60.546600341796875,-0.9999200105667114,0.012656999751925468,3.0434100040110934e-7,1.1493500471115112,-0.0012980999890714884,-0.10257600247859955,0.9947249889373779,6.738249778747559,0.0,0.0,0.0,1.0],"index":3,"localTransform":[0.9946449995040894,0.012657299637794495,-0.10257600247859955,8.926529884338379,-0.012590499594807625,0.9999200105667114,0.0012984400382265449,9.834769798544585e-7,0.10258399695158005,-1.5987199696140993e-14,0.9947239756584167,0.0,0.0,0.0,0.0,1.0],"name":"head","children":[],"parent":"spine_up"},{"offsetTransform":[-1.3939499855041504,-0.31258299946784973,-7.728889954705664e-7,8.426030158996582,0.31258299946784973,-1.3939499855041504,9.355409815725579e-7,83.06379699707031,-9.58866053224483e-7,7.437579938596173e-7,1.428570032119751,2.3041601181030273,0.0,0.0,0.0,1.0],"index":4,"localTransform":[-0.4001399874687195,-0.01813879981637001,0.021943900734186172,6.053800106048584,0.01823429949581623,-0.4007349908351898,0.0012499999720603228,8.887530326843262,0.021864600479602814,0.002244299976155162,0.4005489945411682,-1.121359944343567,0.0,0.0,0.0,1.0],"name":"right_arm","children":["right_foret_arm"],"parent":"spine_up"},{"offsetTransform":[-0.9999960064888,-0.002824899973347783,7.380619848618153e-8,-13.409700393676758,0.002824899973347783,-0.9999960064888,3.940330088880728e-7,56.856998443603516,7.269419910471697e-8,3.9424000419785443e-7,1.0,1.6129300594329834,0.0,0.0,0.0,1.0],"index":5,"localTransform":[1.2905999422073364,0.28055399656295776,-0.5444920063018799,9.581780433654785,-0.31338798999786377,1.3935500383377075,-0.02477479912340641,-0.3810630142688751,0.5262789726257324,0.1418280005455017,1.3205000162124634,2.3841900542720396e-7,0.0,0.0,0.0,1.0],"name":"right_foret_arm","children":["right_hand"],"parent":"right_arm"},{"offsetTransform":[-0.996936023235321,-0.008619720116257668,-0.07774099707603455,-24.436399459838867,0.008593570441007614,-0.9999629855155945,0.0006708729779347777,57.031700134277344,-0.07774390280246735,7.456999924215779e-7,0.9969729781150818,-0.2771579921245575,0.0,0.0,0.0,1.0],"index":6,"localTransform":[0.996957004070282,-0.005768760107457638,0.07774359732866287,11.302900314331055,0.005803409963846207,0.999983012676239,-0.00021998600277584046,-0.03191760182380676,-0.07774099707603455,0.0006704929983243346,0.996973991394043,-0.04870609939098358,0.0,0.0,0.0,1.0],"name":"right_hand","children":["right_fingers_A","right_thumb"],"parent":"right_foret_arm"},{"offsetTransform":[-0.9930229783058167,0.0889308974146843,-0.07743489742279053,-33.52640151977539,-0.0886617973446846,-0.996038019657135,-0.0069130901247262955,54.019798278808594,-0.07774289697408676,6.612939955630281e-7,0.9969729781150818,-0.2771250009536743,0.0,0.0,0.0,1.0],"index":7,"localTransform":[0.5902150273323059,-0.8072389960289001,0.0033863799180835485,3.662529945373535,0.805633008480072,0.588765025138855,-0.06565680354833603,0.0,0.051006998866796494,0.04147979989647865,0.9978370070457458,0.0,0.0,0.0,0.0,1.0],"name":"right_fingers_A","children":["right_fingers_B"],"parent":"right_hand"},{"offsetTransform":[-0.9955199956893921,-0.05397510156035423,-0.07763010263442993,-27.239700317382812,0.0538116991519928,-0.9985420107841492,0.004196899943053722,58.500701904296875,-0.07774350047111511,6.902499762873049e-7,0.9969729781150818,-0.27714699506759644,0.0,0.0,0.0,1.0],"index":8,"localTransform":[0.5257160067558289,-0.8506519794464111,0.0038019700441509485,1.775089979171753,0.8494330048561096,0.5247120261192322,-0.056038301438093185,9.536739753457368e-7,0.045674100518226624,0.03268979862332344,0.9984210133552551,0.0,0.0,0.0,0.0,1.0],"name":"right_fingers_B","children":[],"parent":"right_fingers_A"},{"offsetTransform":[-0.7883149981498718,4.750239952500124e-7,0.6152709722518921,-21.811599731445312,0.6152709722518921,1.4286500515936496e-7,0.788316011428833,15.052599906921387,2.865670012397459e-7,1.0,-4.048899882036494e-7,-55.92259979248047,0.0,0.0,0.0,1.0],"index":9,"localTransform":[0.32072100043296814,-0.9459980130195618,-0.04717469960451126,1.335510015487671,0.4705069959163666,0.20234599709510803,-0.8588830232620239,0.8847960233688354,0.8220469951629639,0.25326600670814514,0.5099949836730957,3.328749895095825,0.0,0.0,0.0,1.0],"name":"right_thumb","children":[],"parent":"right_hand"},{"offsetTransform":[1.3939499855041504,-0.31258299946784973,-1.9681900198520452e-7,3.0908501148223877,-0.31258299946784973,-1.3939499855041504,2.7637300781258034e-10,84.26020050048828,1.9210899893096212e-7,-4.279549870034316e-8,1.428570032119751,2.3042099475860596,0.0,0.0,0.0,1.0],"index":10,"localTransform":[-0.39587798714637756,-0.011662100441753864,-0.06377410143613815,6.053800106048584,-0.011465799994766712,0.40098199248313904,-0.0021516699343919754,-8.874300003051758,-0.06380970031023026,0.00030058700940571725,0.396043986082077,-1.1213500499725342,0.0,0.0,0.0,1.0],"name":"left_arm","children":["left_foret_arm"],"parent":"spine_up"},{"offsetTransform":[0.9999960064888,-0.0028252399060875177,2.495729916063283e-7,-17.421899795532227,-0.0028252399060875177,-0.9999960064888,-4.939570086293088e-9,56.86840057373047,-2.495860087492474e-7,-4.234370187816694e-9,1.0,1.6129499673843384,0.0,0.0,0.0,1.0],"index":11,"localTransform":[1.3948299884796143,0.30864399671554565,-0.0000013262000493341475,9.83944034576416,-0.30864399671554565,1.3948299884796143,2.94763992769731e-7,-0.43883898854255676,0.0000013560099887399701,-3.725290076417309e-9,1.428570032119751,-0.000004768370217789197,0.0,0.0,0.0,1.0],"name":"left_foret_arm","children":["left_hand"],"parent":"left_arm"},{"offsetTransform":[0.996936023235321,-0.008620009757578373,-0.07774080336093903,-28.43630027770996,-0.008593900129199028,-0.9999629855155945,0.0006704729748889804,57.06610107421875,0.07774359732866287,3.229239950996998e-7,0.9969729781150818,-0.5890539884567261,0.0,0.0,0.0,1.0],"index":12,"localTransform":[0.996957004070282,-0.005768780130892992,0.07774359732866287,11.302900314331055,0.0058034202083945274,0.999983012676239,-0.00021997099975124002,-0.03191760182380676,-0.07774099707603455,0.000670477980747819,0.9969729781150818,-0.04870609939098358,0.0,0.0,0.0,1.0],"name":"left_hand","children":["left_fingers_A","left_thumb"],"parent":"left_foret_arm"},{"offsetTransform":[0.9930229783058167,0.08893059939146042,-0.07743470370769501,-37.51060104370117,0.08866140246391296,-0.996038019657135,-0.006913470104336739,53.664100646972656,0.07774270325899124,2.381000001605571e-7,0.9969729781150818,-0.5890179872512817,0.0,0.0,0.0,1.0],"index":13,"localTransform":[0.5738480091094971,-0.8052240014076233,0.14937500655651093,3.662529945373535,0.8156369924545288,0.5783500075340271,-0.015733400359749794,0.0,-0.07372210174798965,0.13086499273777008,0.9886549711227417,9.536739753457368e-7,0.0,0.0,0.0,1.0],"name":"left_fingers_A","children":["left_fingers_B"],"parent":"left_hand"},{"offsetTransform":[0.9955199956893921,-0.05397539958357811,-0.07762999832630157,-31.23390007019043,-0.05381200090050697,-0.9985420107841492,0.004196490161120892,58.71659851074219,0.077743299305439,2.670549861250038e-7,0.9969729781150818,-0.5890420079231262,0.0,0.0,0.0,1.0],"index":14,"localTransform":[0.5467939972877502,-0.8282819986343384,0.12233000248670578,1.775089979171753,0.8353890180587769,0.5494920015335083,-0.013506299816071987,0.0,-0.05603240057826042,0.10957799851894379,0.9923970103263855,0.0,0.0,0.0,0.0,1.0],"name":"left_fingers_B","children":[],"parent":"left_fingers_A"},{"offsetTransform":[0.788316011428833,-3.068160125963004e-8,0.6152719855308533,-24.97439956665039,-0.6152719855308533,-8.652290262034512e-8,0.788316011428833,17.52120018005371,-2.904839924156022e-8,1.0,8.708499876775022e-8,-55.92259979248047,0.0,0.0,0.0,1.0],"index":15,"localTransform":[0.31091800332069397,-0.9486280083656311,-0.058603398501873016,1.335510015487671,0.47135698795318604,0.20744499564170837,-0.8571979999542236,0.8847939968109131,0.8253189921379089,0.23889599740505219,0.5116410255432129,3.328749895095825,0.0,0.0,0.0,1.0],"name":"left_thumb","children":[],"parent":"left_hand"},{"offsetTransform":[-0.019996099174022675,-0.9998000264167786,-1.5099600148005266e-7,44.630401611328125,0.9998000264167786,-0.019996099174022675,5.642600058308744e-7,-1.1574699878692627,-5.671660119332955e-7,-1.3968299583666521e-7,1.0,0.4915960133075714,0.0,0.0,0.0,1.0],"index":16,"localTransform":[-0.019995899870991707,0.9997990131378174,0.0018236900214105844,0.0,-0.9998000264167786,-0.019995899870991707,-3.7784099049531505e-7,-0.93538898229599,0.0000360886006092187,-0.0018233399605378509,0.9999979734420776,2.98022992950564e-8,0.0,0.0,0.0,1.0],"name":"hips","children":["right_up_leg","left_up_leg"],"parent":"base"},{"offsetTransform":[-0.06846679747104645,-0.9976540207862854,-1.781869940487013e-7,42.74359893798828,0.9976540207862854,-0.06846679747104645,5.562720275520405e-7,3.9910900592803955,-5.671660119332955e-7,-1.3968299583666521e-7,1.0,0.4915960133075714,0.0,0.0,0.0,1.0],"index":17,"localTransform":[0.49583500623703003,0.015047299675643444,3.41060990213804e-12,1.7435599565505981,-0.015047299675643444,0.49583500623703003,-1.259009979603931e-10,-3.0706300735473633,-9.33652981316424e-12,4.406160158954009e-11,0.4960629940032959,2.98022992950564e-8,0.0,0.0,0.0,1.0],"name":"right_up_leg","children":["right_leg"],"parent":"hips"},{"offsetTransform":[-0.05349450185894966,-0.9859520196914673,-0.15823300182819366,29.1205997467041,0.9985679984092712,-0.052818700671195984,-0.008476629853248596,3.5236399173736572,-1.2686599859534908e-7,-0.15846000611782074,0.9873650074005127,5.194950103759766,0.0,0.0,0.0,1.0],"index":18,"localTransform":[0.9873009920120239,-0.01567400060594082,0.15808799862861633,13.226799964904785,0.014135800302028656,0.9998409748077393,0.010849700309336185,-9.536739753457368e-7,-0.15823300182819366,-0.00847718957811594,0.9873650074005127,-5.960459930065554e-7,0.0,0.0,0.0,1.0],"name":"right_leg","children":["right_foot"],"parent":"right_up_leg"},{"offsetTransform":[-1.7797100326788495e-7,-0.7479659914970398,0.6637369990348816,13.37969970703125,1.0,-8.416240149244913e-8,1.732919940877764e-7,2.7370200157165527,-7.375499677664266e-8,0.6637369990348816,0.7479659914970398,-8.146100044250488,0.0,0.0,0.0,1.0],"index":19,"localTransform":[0.635142982006073,-0.06582090258598328,-0.7695850133895874,14.510199546813965,-0.023830199614167213,0.9942179918289185,-0.1046999990940094,4.768369876728684e-7,0.772026002407074,0.08483920246362686,0.6299030184745789,-2.3841900542720396e-7,0.0,0.0,0.0,1.0],"name":"right_foot","children":["right_foot_toes"],"parent":"right_leg"},{"offsetTransform":[-6.495319837540592e-8,0.672120988368988,0.7404419779777527,-8.22780990600586,1.0,-7.85974023642666e-8,1.5906699957213277e-7,2.7370200157165527,1.6510999500951584e-7,0.7404419779777527,-0.672120988368988,-7.207089900970459,0.0,0.0,0.0,1.0],"index":20,"localTransform":[-0.011265500448644161,-2.0489100194254206e-8,-0.9999369978904724,6.080389976501465,1.02445003591356e-8,1.0,-1.8626499453944234e-8,0.0,0.9999369978904724,6.519259798665189e-9,-0.011265399865806103,-3.576280107608909e-7,0.0,0.0,0.0,1.0],"name":"right_foot_toes","children":[],"parent":"right_foot"},{"offsetTransform":[0.06846659630537033,-0.9976540207862854,-1.8794600009641727e-7,42.45719909667969,-0.9976540207862854,-0.06846659630537033,3.782760131798568e-7,8.16355037689209,3.9025599107844755e-7,-1.61605001380849e-7,1.0,0.4915960133075714,0.0,0.0,0.0,1.0],"index":21,"localTransform":[0.45968198776245117,0.025296399369835854,-0.18474599719047546,1.6177300214767456,0.028187699615955353,-0.4952560067176819,0.002323020016774535,3.2208099365234375,0.18432700634002686,0.012650400400161743,0.4603720009326935,-0.000003784889941016445,0.0,0.0,0.0,1.0],"name":"left_up_leg","children":["left_leg"],"parent":"hips"},{"offsetTransform":[0.0534944012761116,-0.9859510064125061,-0.15823300182819366,28.896900177001953,-0.9985679984092712,-0.05281849950551987,-0.00847684033215046,7.699930191040039,-9.419819946288044e-8,-0.15846000611782074,0.9873650074005127,5.194950103759766,0.0,0.0,0.0,1.0],"index":22,"localTransform":[0.28693899512290955,-0.053192298859357834,0.9564710259437561,13.226799964904785,-0.0339290015399456,0.9972670078277588,0.06563969701528549,-9.536739753457368e-7,-0.9573479890823364,-0.05128670111298561,0.2843500077724457,-9.536739753457368e-7,0.0,0.0,0.0,1.0],"name":"left_leg","children":["left_foot"],"parent":"left_up_leg"},{"offsetTransform":[-5.082780063503378e-8,-0.7479659914970398,0.6637369990348816,13.37969970703125,-1.0,6.463589841132489e-8,-3.738759968285876e-9,6.919300079345703,4.0103799392454675e-8,0.6637369990348816,0.7479659914970398,-8.146100044250488,0.0,0.0,0.0,1.0],"index":23,"localTransform":[0.6060900092124939,-0.0675991028547287,-0.7925180196762085,14.510199546813965,-0.0300137996673584,0.9937289953231812,-0.10771500319242477,-9.536739753457368e-7,0.7948290109634399,0.0890716016292572,0.6002600193023682,9.536739753457368e-7,0.0,0.0,0.0,1.0],"name":"left_foot","children":["left_foot_toes"],"parent":"left_leg"},{"offsetTransform":[3.410490023725288e-8,0.672120988368988,0.7404419779777527,-8.22780990600586,-1.0,7.02004996355754e-8,-1.7661799134316425e-8,6.919300079345703,6.38510968542505e-8,0.7404419779777527,-0.672120988368988,-7.207089900970459,0.0,0.0,0.0,1.0],"index":24,"localTransform":[-0.011265399865806103,-9.313230187046884e-9,-0.9999369978904724,6.080389976501465,9.313230187046884e-10,1.0,-7.450580152834618e-9,0.0,0.9999369978904724,-7.101330190550925e-9,-0.011265399865806103,4.768369876728684e-7,0.0,0.0,0.0,1.0],"name":"left_foot_toes","children":[],"parent":"left_foot"}],"vertices":[-0.5451949834823608,22.50160026550293,0.7970520257949829,1.0,0.7128999829292297,0.3645249903202057,0.5990790128707886,0.0,0.7904689908027649,-0.05283550173044205,0.0,0.0,-0.8781409859657288,22.833499908447266,0.13111799955368042,1.0,0.7798609733581543,0.42302000522613525,0.4613800048828125,0.0,0.7904130220413208,-0.029587600380182266,0.0,0.0,-2.991260051727295,22.833499908447266,1.5049999952316284,1.0,-0.08299700170755386,0.5342280268669128,0.8412560224533081,0.0,0.6486510038375854,-0.029587600380182266,0.0,0.0,-0.29989901185035706,22.833499908447266,-3.1259500980377197,1.0,0.9314500093460083,0.3410080075263977,-0.12693899869918823,0.0,0.8983179926872253,-0.031248899176716805,0.0,0.0,-2.904409885406494,22.434999465942383,2.148710012435913,1.0,-0.026712900027632713,0.22879500687122345,0.9731079936027527,0.0,0.6491249799728394,-0.05453620105981827,0.0,0.0,0.452455997467041,22.391000747680664,-3.152980089187622,1.0,0.9202579855918884,0.3783609867095947,-0.0998426005244255,0.0,0.8966060280799866,-0.053998399525880814,0.0,0.0,-2.5737099647521973,18.903900146484375,0.4764699935913086,1.0,-0.06189040094614029,-0.2769019901752472,0.9589030146598816,0.0,0.6548730134963989,-0.14816200733184814,0.0,0.0,-5.411819934844971,22.50160026550293,0.5533310174942017,1.0,-0.7688500285148621,0.28349000215530396,0.5731520056724548,0.0,0.5532289743423462,-0.054496899247169495,0.0,0.0,-1.1597800254821777,22.391000747680664,-6.437540054321289,1.0,0.4861299991607666,0.3130060136318207,-0.8159080147743225,0.0,0.9393140077590942,-0.05732110142707825,0.0,0.0,-0.9015489816665649,18.906600952148438,-0.08037470281124115,1.0,0.7155640125274658,-0.15106500685214996,0.6820160150527954,0.0,0.7299259901046753,-0.14814899861812592,0.0,0.0,-5.048029899597168,22.833499908447266,-0.038872700184583664,1.0,-0.7334259748458862,0.5585139989852905,0.38749098777770996,0.0,0.5529789924621582,-0.02963010035455227,0.0,0.0,-1.121359944343567,15.422200202941895,-3.841049909591675,1.0,0.6830300092697144,-0.009211479686200619,-0.7303320169448853,0.0,0.9391890168190002,-0.23655399680137634,0.0,0.0,-1.6919699907302856,22.833499908447266,-5.813570022583008,1.0,0.3993769884109497,0.47732600569725037,-0.7827240228652954,0.0,0.9393460154533386,-0.031248899176716805,0.0,0.0,-1.121359944343567,15.422200202941895,-0.3039590120315552,1.0,0.7245879769325256,0.2118609994649887,0.6558099985122681,0.0,0.7673730254173279,-0.2364480048418045,0.0,0.0,-3.9463698863983154,18.906600952148438,-0.1778620034456253,1.0,-0.6411979794502258,-0.24650700390338898,0.726705014705658,0.0,0.5673990249633789,-0.15102599561214447,0.0,0.0,-6.419750213623047,22.391000747680664,-3.1736199855804443,1.0,-0.9391660094261169,0.326680988073349,-0.10605300217866898,0.0,0.45801401138305664,-0.0556597001850605,0.0,0.0,-1.121359944343567,15.422200202941895,-3.841049909591675,1.0,0.6830300092697144,-0.009211479686200619,-0.7303320169448853,0.0,0.2583700120449066,-0.23643900454044342,0.0,0.0,-4.444729804992676,22.391000747680664,-6.520100116729736,1.0,-0.4616070091724396,0.2752240002155304,-0.8433089852333069,0.0,0.34522899985313416,-0.0556597001850605,0.0,0.0,-1.1597800254821777,22.391000747680664,-6.437540054321289,1.0,0.4861299991607666,0.3130060136318207,-0.8159080147743225,0.0,0.2589130103588104,-0.0556597001850605,0.0,0.0,-0.9179549813270569,15.422200202941895,-2.072510004043579,1.0,0.9972530007362366,0.07385200262069702,0.005670929793268442,0.0,0.843421995639801,-0.2363239973783493,0.0,0.0,-1.6919699907302856,22.833499908447266,-5.813570022583008,1.0,0.3993769884109497,0.47732600569725037,-0.7827240228652954,0.0,0.2590540051460266,-0.029587600380182266,0.0,0.0,-2.33912992477417,15.422200202941895,-0.3039590120315552,1.0,-0.054453298449516296,-0.15650999546051025,0.9861739873886108,0.0,0.6618599891662598,-0.24363699555397034,0.0,0.0,-5.499670028686523,22.833499908447266,-3.3379199504852295,1.0,-0.8090879917144775,0.5579109787940979,-0.18469400703907013,0.0,0.4576910138130188,-0.029587600380182266,0.0,0.0,-3.5568900108337402,15.422200202941895,-0.3039590120315552,1.0,-0.3873029947280884,0.3386630117893219,0.8574979901313782,0.0,0.5707600116729736,-0.2507050037384033,0.0,0.0,-4.006080150604248,22.833499908447266,-5.907909870147705,1.0,-0.39462000131607056,0.5571630001068115,-0.730646014213562,0.0,0.34512901306152344,-0.029587600380182266,0.0,0.0,-3.5568900108337402,15.422200202941895,-3.841049909591675,1.0,-0.4749560058116913,-0.03649960085749626,-0.879252016544342,0.0,0.34510698914527893,-0.23643900454044342,0.0,0.0,-0.47734299302101135,14.166600227355957,-2.072510004043579,1.0,0.9927979707717896,0.11594200134277344,-0.03015900030732155,0.0,0.8497920036315918,-0.32440099120140076,0.0,0.0,-4.677909851074219,13.786600112915039,0.6962299942970276,1.0,-0.6934750080108643,0.6045219898223877,0.391975998878479,0.0,0.5780749917030334,-0.32334500551223755,0.0,0.0,-1.0816800594329834,14.455699920654297,0.6962299942970276,1.0,0.6132670044898987,0.6529489755630493,0.44447898864746094,0.0,0.7393270134925842,-0.3246679902076721,0.0,0.0,-4.774660110473633,15.422200202941895,-2.072510004043579,1.0,-0.9908289909362793,0.1289539933204651,-0.04035630077123642,0.0,0.45798200368881226,-0.23643900454044342,0.0,0.0,-0.9010549783706665,14.166600227355957,-4.160999774932861,1.0,0.658033013343811,0.16410399973392487,-0.7348889708518982,0.0,0.25977998971939087,-0.32396599650382996,0.0,0.0,-3.7771999835968018,14.166600227355957,-4.160999774932861,1.0,-0.44259101152420044,0.265051007270813,-0.8566570281982422,0.0,0.3466159999370575,-0.32396599650382996,0.0,0.0,-0.9010549783706665,14.166600227355957,-4.160999774932861,1.0,0.658033013343811,0.16410399973392487,-0.73