{
"header" : {
"filename" : "textured_mirror.3ds"
},
"meshes" : [
{
"indexWidth" : 2,
"attributes" : {
"POSITION" : {
"name" : "POSITION",
"type" : "float",
"numElements" : 3,
"normalized" : false,
"stride" : 56,
"offset" : 0
}
,
"NORMAL" : {
"name" : "NORMAL",
"type" : "float",
"numElements" : 3,
"normalized" : false,
"stride" : 56,
"offset" : 12
}
,
"TANGENT" : {
"name" : "TANGENT",
"type" : "float",
"numElements" : 3,
"normalized" : false,
"stride" : 56,
"offset" : 24
}
,
"BITANGENT" : {
"name" : "BITANGENT",
"type" : "float",
"numElements" : 3,
"normalized" : false,
"stride" : 56,
"offset" : 36
}
,
"TEXCOORD0" : {
"name" : "TEXCOORD0",
"type" : "float",
"numElements" : 2,
"normalized" : false,
"stride" : 56,
"offset" : 48
}
},
"indices" : [
2, 1, 0,
3, 2, 0,
3, 0, 4,
5, 3, 4,
6, 2, 3,
7, 6, 3,
7, 3, 5,
8, 7, 5,
5, 4, 9,
10, 5, 9,
10, 9, 11,
12, 10, 11,
8, 5, 10,
13, 8, 10,
13, 10, 12,
14, 13, 12,
15, 6, 7,
16, 15, 7,
16, 7, 8,
17, 16, 8,
18, 15, 16,
19, 18, 16,
19, 16, 17,
20, 19, 17,
17, 8, 13,
21, 17, 13,
21, 13, 14,
22, 21, 14,
20, 17, 21,
23, 20, 21,
23, 21, 22,
24, 23, 22,
12, 11, 25,
26, 12, 25,
26, 25, 27,
28, 26, 27,
14, 12, 26,
29, 14, 26,
29, 26, 28,
30, 29, 28,
28, 27, 31,
32, 28, 31,
32, 31, 33,
34, 32, 33,
30, 28, 32,
35, 30, 32,
35, 32, 34,
36, 35, 34,
22, 14, 29,
37, 22, 29,
37, 29, 30,
38, 37, 30,
24, 22, 37,
39, 24, 37,
39, 37, 38,
40, 39, 38,
38, 30, 35,
41, 38, 35,
41, 35, 36,
42, 41, 36,
40, 38, 41,
43, 40, 41,
43, 41, 42,
44, 43, 42,
45, 18, 19,
46, 45, 19,
46, 19, 20,
47, 46, 20,
48, 45, 46,
49, 48, 46,
49, 46, 47,
50, 49, 47,
47, 20, 23,
51, 47, 23,
51, 23, 24,
52, 51, 24,
50, 47, 51,
53, 50, 51,
53, 51, 52,
54, 53, 52,
55, 48, 49,
56, 55, 49,
56, 49, 50,
57, 56, 50,
58, 55, 56,
59, 58, 56,
59, 56, 57,
60, 59, 57,
57, 50, 53,
61, 57, 53,
61, 53, 54,
62, 61, 54,
60, 57, 61,
63, 60, 61,
63, 61, 62,
64, 63, 62,
52, 24, 39,
65, 52, 39,
65, 39, 40,
66, 65, 40,
54, 52, 65,
67, 54, 65,
67, 65, 66,
68, 67, 66,
66, 40, 43,
69, 66, 43,
69, 43, 44,
70, 69, 44,
68, 66, 69,
71, 68, 69,
71, 69, 70,
72, 71, 70,
62, 54, 67,
73, 62, 67,
73, 67, 68,
74, 73, 68,
64, 62, 73,
75, 64, 73,
75, 73, 74,
76, 75, 74,
74, 68, 71,
77, 74, 71,
77, 71, 72,
78, 77, 72,
76, 74, 77,
79, 76, 77,
79, 77, 78,
80, 79, 78,
83, 82, 81,
84, 83, 81,
84, 81, 85,
86, 84, 85,
87, 83, 84,
88, 87, 84,
88, 84, 86,
89, 88, 86,
86, 85, 90,
91, 86, 90,
91, 90, 92,
93, 91, 92,
89, 86, 91,
94, 89, 91,
94, 91, 93,
95, 94, 93,
96, 87, 88,
97, 96, 88,
97, 88, 89,
98, 97, 89,
99, 96, 97,
100, 99, 97,
100, 97, 98,
101, 100, 98,
98, 89, 94,
102, 98, 94,
102, 94, 95,
103, 102, 95,
101, 98, 102,
104, 101, 102,
104, 102, 103,
105, 104, 103,
93, 92, 106,
107, 93, 106,
107, 106, 108,
109, 107, 108,
95, 93, 107,
110, 95, 107,
110, 107, 109,
111, 110, 109,
109, 108, 112,
113, 109, 112,
113, 112, 114,
115, 113, 114,
111, 109, 113,
116, 111, 113,
116, 113, 115,
117, 116, 115,
103, 95, 110,
118, 103, 110,
118, 110, 111,
119, 118, 111,
105, 103, 118,
120, 105, 118,
120, 118, 119,
121, 120, 119,
119, 111, 116,
122, 119, 116,
122, 116, 117,
123, 122, 117,
121, 119, 122,
124, 121, 122,
124, 122, 123,
125, 124, 123,
126, 99, 100,
127, 126, 100,
127, 100, 101,
128, 127, 101,
129, 126, 127,
130, 129, 127,
130, 127, 128,
131, 130, 128,
128, 101, 104,
132, 128, 104,
132, 104, 105,
133, 132, 105,
131, 128, 132,
134, 131, 132,
134, 132, 133,
135, 134, 133,
136, 129, 130,
137, 136, 130,
137, 130, 131,
138, 137, 131,
139, 136, 137,
140, 139, 137,
140, 137, 138,
141, 140, 138,
138, 131, 134,
142, 138, 134,
142, 134, 135,
143, 142, 135,
141, 138, 142,
144, 141, 142,
144, 142, 143,
145, 144, 143,
133, 105, 120,
146, 133, 120,
146, 120, 121,
147, 146, 121,
135, 133, 146,
148, 135, 146,
148, 146, 147,
149, 148, 147,
147, 121, 124,
150, 147, 124,
150, 124, 125,
151, 150, 125,
149, 147, 150,
152, 149, 150,
152, 150, 151,
153, 152, 151,
143, 135, 148,
154, 143, 148,
154, 148, 149,
155, 154, 149,
145, 143, 154,
156, 145, 154,
156, 154, 155,
157, 156, 155,
155, 149, 152,
158, 155, 152,
158, 152, 153,
159, 158, 153,
157, 155, 158,
160, 157, 158,
160, 158, 159,
161, 160, 159,
164, 163, 162,
165, 164, 162,
165, 162, 166,
167, 165, 166,
168, 164, 165,
169, 168, 165,
169, 165, 167,
170, 169, 167,
167, 166, 171,
172, 167, 171,
172, 171, 173,
174, 172, 173,
170, 167, 172,
175, 170, 172,
175, 172, 174,
176, 175, 174,
177, 168, 169,
178, 177, 169,
178, 169, 170,
179, 178, 170,
180, 177, 178,
181, 180, 178,
181, 178, 179,
182, 181, 179,
179, 170, 175,
183, 179, 175,
183, 175, 176,
184, 183, 176,
182, 179, 183,
185, 182, 183,
185, 183, 184,
186, 185, 184,
174, 173, 187,
188, 174, 187,
188, 187, 189,
190, 188, 189,
176, 174, 188,
191, 176, 188,
191, 188, 190,
192, 191, 190,
190, 189, 193,
194, 190, 193,
194, 193, 195,
196, 194, 195,
192, 190, 194,
197, 192, 194,
197, 194, 196,
198, 197, 196,
184, 176, 191,
199, 184, 191,
199, 191, 192,
200, 199, 192,
186, 184, 199,
201, 186, 199,
201, 199, 200,
202, 201, 200,
200, 192, 197,
203, 200, 197,
203, 197, 198,
204, 203, 198,
202, 200, 203,
205, 202, 203,
205, 203, 204,
206, 205, 204,
207, 180, 181,
208, 207, 181,
208, 181, 182,
209, 208, 182,
210, 207, 208,
211, 210, 208,
211, 208, 209,
212, 211, 209,
209, 182, 185,
213, 209, 185,
213, 185, 186,
214, 213, 186,
212, 209, 213,
215, 212, 213,
215, 213, 214,
216, 215, 214,
217, 210, 211,
218, 217, 211,
218, 211, 212,
219, 218, 212,
220, 217, 218,
221, 220, 218,
221, 218, 219,
222, 221, 219,
219, 212, 215,
223, 219, 215,
223, 215, 216,
224, 223, 216,
222, 219, 223,
225, 222, 223,
225, 223, 224,
226, 225, 224,
214, 186, 201,
227, 214, 201,
227, 201, 202,
228, 227, 202,
216, 214, 227,
229, 216, 227,
229, 227, 228,
230, 229, 228,
228, 202, 205,
231, 228, 205,
231, 205, 206,
232, 231, 206,
230, 228, 231,
233, 230, 231,
233, 231, 232,
234, 233, 232,
224, 216, 229,
235, 224, 229,
235, 229, 230,
236, 235, 230,
226, 224, 235,
237, 226, 235,
237, 235, 236,
238, 237, 236,
236, 230, 233,
239, 236, 233,
239, 233, 234,
240, 239, 234,
238, 236, 239,
241, 238, 239,
241, 239, 240,
242, 241, 240,
245, 244, 243,
246, 245, 243,
246, 243, 247,
248, 246, 247,
249, 245, 246,
250, 249, 246,
250, 246, 248,
251, 250, 248,
248, 247, 252,
253, 248, 252,
253, 252, 254,
255, 253, 254,
251, 248, 253,
256, 251, 253,
256, 253, 255,
257, 256, 255,
258, 249, 250,
259, 258, 250,
259, 250, 251,
260, 259, 251,
261, 258, 259,
262, 261, 259,
262, 259, 260,
263, 262, 260,
260, 251, 256,
264, 260, 256,
264, 256, 257,
265, 264, 257,
263, 260, 264,
266, 263, 264,
266, 264, 265,
267, 266, 265,
255, 254, 268,
269, 255, 268,
269, 268, 270,
271, 269, 270,
257, 255, 269,
272, 257, 269,
272, 269, 271,
273, 272, 271,
271, 270, 274,
275, 271, 274,
275, 274, 276,
277, 275, 276,
273, 271, 275,
278, 273, 275,
278, 275, 277,
279, 278, 277,
265, 257, 272,
280, 265, 272,
280, 272, 273,
281, 280, 273,
267, 265, 280,
282, 267, 280,
282, 280, 281,
283, 282, 281,
281, 273, 278,
284, 281, 278,
284, 278, 279,
285, 284, 279,
283, 281, 284,
286, 283, 284,
286, 284, 285,
287, 286, 285,
288, 261, 262,
289, 288, 262,
289, 262, 263,
290, 289, 263,
291, 288, 289,
292, 291, 289,
292, 289, 290,
293, 292, 290,
290, 263, 266,
294, 290, 266,
294, 266, 267,
295, 294, 267,
293, 290, 294,
296, 293, 294,
296, 294, 295,
297, 296, 295,
298, 291, 292,
299, 298, 292,
299, 292, 293,
300, 299, 293,
301, 298, 299,
302, 301, 299,
302, 299, 300,
303, 302, 300,
300, 293, 296,
304, 300, 296,
304, 296, 297,
305, 304, 297,
303, 300, 304,
306, 303, 304,
306, 304, 305,
307, 306, 305,
295, 267, 282,
308, 295, 282,
308, 282, 283,
309, 308, 283,
297, 295, 308,
310, 297, 308,
310, 308, 309,
311, 310, 309,
309, 283, 286,
312, 309, 286,
312, 286, 287,
313, 312, 287,
311, 309, 312,
314, 311, 312,
314, 312, 313,
315, 314, 313,
305, 297, 310,
316, 305, 310,
316, 310, 311,
317, 316, 311,
307, 305, 316,
318, 307, 316,
318, 316, 317,
319, 318, 317,
317, 311, 314,
320, 317, 314,
320, 314, 315,
321, 320, 315,
319, 317, 320,
322, 319, 320,
322, 320, 321,
323, 322, 321,
326, 325, 324,
327, 326, 324,
327, 324, 328,
329, 327, 328,
330, 326, 327,
331, 330, 327,
331, 327, 329,
332, 331, 329,
329, 328, 333,
334, 329, 333,
334, 333, 335,
336, 334, 335,
332, 329, 334,
337, 332, 334,
337, 334, 336,
338, 337, 336,
339, 330, 331,
340, 339, 331,
340, 331, 332,
341, 340, 332,
342, 339, 340,
343, 342, 340,
343, 340, 341,
344, 343, 341,
341, 332, 337,
345, 341, 337,
345, 337, 338,
346, 345, 338,
344, 341, 345,
347, 344, 345,
347, 345, 346,
348, 347, 346,
336, 335, 349,
350, 336, 349,
350, 349, 351,
352, 350, 351,
338, 336, 350,
353, 338, 350,
353, 350, 352,
354, 353, 352,
352, 351, 355,
356, 352, 355,
356, 355, 357,
358, 356, 357,
354, 352, 356,
359, 354, 356,
359, 356, 358,
360, 359, 358,
346, 338, 353,
361, 346, 353,
361, 353, 354,
362, 361, 354,
348, 346, 361,
363, 348, 361,
363, 361, 362,
364, 363, 362,
362, 354, 359,
365, 362, 359,
365, 359, 360,
366, 365, 360,
364, 362, 365,
367, 364, 365,
367, 365, 366,
368, 367, 366,
369, 342, 343,
370, 369, 343,
370, 343, 344,
371, 370, 344,
372, 369, 370,
373, 372, 370,
373, 370, 371,
374, 373, 371,
371, 344, 347,
375, 371, 347,
375, 347, 348,
376, 375, 348,
374, 371, 375,
377, 374, 375,
377, 375, 376,
378, 377, 376,
379, 372, 373,
380, 379, 373,
380, 373, 374,
381, 380, 374,
382, 379, 380,
383, 382, 380,
383, 380, 381,
384, 383, 381,
381, 374, 377,
385, 381, 377,
385, 377, 378,
386, 385, 378,
384, 381, 385,
387, 384, 385,
387, 385, 386,
388, 387, 386,
376, 348, 363,
389, 376, 363,
389, 363, 364,
390, 389, 364,
378, 376, 389,
391, 378, 389,
391, 389, 390,
392, 391, 390,
390, 364, 367,
393, 390, 367,
393, 367, 368,
394, 393, 368,
392, 390, 393,
395, 392, 393,
395, 393, 394,
396, 395, 394,
386, 378, 391,
397, 386, 391,
397, 391, 392,
398, 397, 392,
388, 386, 397,
399, 388, 397,
399, 397, 398,
400, 399, 398,
398, 392, 395,
401, 398, 395,
401, 395, 396,
402, 401, 396,
400, 398, 401,
403, 400, 401,
403, 401, 402,
404, 403, 402,
407, 406, 405,
408, 407, 405,
408, 405, 409,
410, 408, 409,
411, 407, 408,
412, 411, 408,
412, 408, 410,
413, 412, 410,
410, 409, 414,
415, 410, 414,
415, 414, 416,
417, 415, 416,
413, 410, 415,
418, 413, 415,
418, 415, 417,
419, 418, 417,
420, 411, 412,
421, 420, 412,
421, 412, 413,
422, 421, 413,
423, 420, 421,
424, 423, 421,
424, 421, 422,
425, 424, 422,
422, 413, 418,
426, 422, 418,
426, 418, 419,
427, 426, 419,
425, 422, 426,
428, 425, 426,
428, 426, 427,
429, 428, 427,
417, 416, 430,
431, 417, 430,
431, 430, 432,
433, 431, 432,
419, 417, 431,
434, 419, 431,
434, 431, 433,
435, 434, 433,
433, 432, 436,
437, 433, 436,
437, 436, 438,
439, 437, 438,
435, 433, 437,
440, 435, 437,
440, 437, 439,
441, 440, 439,
427, 419, 434,
442, 427, 434,
442, 434, 435,
443, 442, 435,
429, 427, 442,
444, 429, 442,
444, 442, 443,
445, 444, 443,
443, 435, 440,
446, 443, 440,
446, 440, 441,
447, 446, 441,
445, 443, 446,
448, 445, 446,
448, 446, 447,
449, 448, 447,
450, 423, 424,
451, 450, 424,
451, 424, 425,
452, 451, 425,
453, 450, 451,
454, 453, 451,
454, 451, 452,
455, 454, 452,
452, 425, 428,
456, 452, 428,
456, 428, 429,
457, 456, 429,
455, 452, 456,
458, 455, 456,
458, 456, 457,
459, 458, 457,
460, 453, 454,
461, 460, 454,
461, 454, 455,
462, 461, 455,
463, 460, 461,
464, 463, 461,
464, 461, 462,
465, 464, 462,
462, 455, 458,
466, 462, 458,
466, 458, 459,
467, 466, 459,
465, 462, 466,
468, 465, 466,
468, 466, 467,
469, 468, 467,
457, 429, 444,
470, 457, 444,
470, 444, 445,
471, 470, 445,
459, 457, 470,
472, 459, 470,
472, 470, 471,
473, 472, 471,
471, 445, 448,
474, 471, 448,
474, 448, 449,
475, 474, 449,
473, 471, 474,
476, 473, 474,
476, 474, 475,
477, 476, 475,
467, 459, 472,
478, 467, 472,
478, 472, 473,
479, 478, 473,
469, 467, 478,
480, 469, 478,
480, 478, 479,
481, 480, 479,
479, 473, 476,
482, 479, 476,
482, 476, 477,
483, 482, 477,
481, 479, 482,
484, 481, 482,
484, 482, 483,
485, 484, 483
],
"vertices" : [
0.231535, -2.998314, -1.991609, 0.999922, 0.002473, 0.012227, 0.002480, -0.999997, -0.000563, -0.012225, -0.000593, 0.999925, 0.875000, 1.000000,
0.234015, -3.998310, -1.992172, 0.998801, -0.047405, 0.012183, -0.047394, -0.998876, -0.001172, -0.012343, -0.003084, 0.999919, 1.000000, 1.000000,
0.202943, -3.998668, -1.493139, 0.997814, -0.022552, 0.062112, -0.022462, -0.999745, -0.002163, -0.062144, -0.000716, 0.998067, 1.000000, 0.875000,
0.200463, -2.998671, -1.492575, 0.998064, 0.002441, 0.062145, 0.002480, -0.999997, -0.000563, -0.062144, -0.000716, 0.998067, 0.875000, 0.875000,
0.229054, -1.998317, -1.991046, 0.999922, 0.002473, 0.012226, 0.002480, -0.999997, -0.000563, -0.012225, -0.000593, 0.999925, 0.750000, 1.000000,
0.197983, -1.998675, -1.492012, 0.998064, 0.002441, 0.062145, 0.002480, -0.999997, -0.000563, -0.062144, -0.000716, 0.998067, 0.750000, 0.875000,
0.171871, -3.999026, -0.994105, 0.997814, -0.022552, 0.062112, -0.022467, -0.999745, -0.002076, -0.062143, -0.000716, 0.998067, 1.000000, 0.750000,
0.169391, -2.999029, -0.993542, 0.998064, 0.002441, 0.062145, 0.002480, -0.999997, -0.000563, -0.062143, -0.000716, 0.998067, 0.875000, 0.750000,
0.166911, -1.999033, -0.992979, 0.998064, 0.002441, 0.062145, 0.002480, -0.999997, -0.000563, -0.062144, -0.000716, 0.998067, 0.750000, 0.750000,
0.226574, -0.998320, -1.990483, 0.999922, 0.002473, 0.012226, 0.002480, -0.999997, -0.000563, -0.012225, -0.000593, 0.999925, 0.625000, 1.000000,
0.195502, -0.998678, -1.491449, 0.998064, 0.002441, 0.062145, 0.002480, -0.999997, -0.000563, -0.062144, -0.000716, 0.998067, 0.625000, 0.875000,
0.224093, 0.001676, -1.989919, 0.999922, 0.002473, 0.012226, 0.002480, -0.999997, -0.000563, -0.012225, -0.000593, 0.999925, 0.500000, 1.000000,
0.193022, 0.001319, -1.490886, 0.998064, 0.002441, 0.062145, 0.002480, -0.999997, -0.000563, -0.062144, -0.000716, 0.998067, 0.500000, 0.875000,
0.164430, -0.999036, -0.992416, 0.998064, 0.002441, 0.062145, 0.002480, -0.999997, -0.000563, -0.062144, -0.000716, 0.998067, 0.625000, 0.750000,
0.161950, 0.000961, -0.991853, 0.998064, 0.002441, 0.062145, 0.002480, -0.999997, -0.000563, -0.062144, -0.000716, 0.998067, 0.500000, 0.750000,
0.140800, -3.999384, -0.495072, 0.997814, -0.022552, 0.062112, -0.022464, -0.999745, -0.002133, -0.062143, -0.000716, 0.998067, 1.000000, 0.625000,
0.138319, -2.999388, -0.494509, 0.998064, 0.002441, 0.062145, 0.002480, -0.999997, -0.000563, -0.062143, -0.000716, 0.998067, 0.875000, 0.625000,
0.135839, -1.999391, -0.493945, 0.998064, 0.002441, 0.062145, 0.002480, -0.999997, -0.000563, -0.062143, -0.000716, 0.998067, 0.750000, 0.625000,
0.109728, -3.999742, 0.003962, 0.997814, -0.022552, 0.062112, -0.022462, -0.999745, -0.002150, -0.062143, -0.000716, 0.998067, 1.000000, 0.500000,
0.107248, -2.999745, 0.004525, 0.998064, 0.002441, 0.062145, 0.002480, -0.999997, -0.000563, -0.062144, -0.000716, 0.998067, 0.875000, 0.500000,
0.104767, -1.999749, 0.005088, 0.998064, 0.002441, 0.062145, 0.002480, -0.999997, -0.000563, -0.062144, -0.000716, 0.998067, 0.750000, 0.500000,
0.133359, -0.999394, -0.493382, 0.998064, 0.002441, 0.062145, 0.002480, -0.999997, -0.000563, -0.062143, -0.000716, 0.998067, 0.625000, 0.625000,
0.130878, 0.000603, -0.492819, 0.998064, 0.002441, 0.062145, 0.002480, -0.999997, -0.000563, -0.062143, -0.000716, 0.998067, 0.500000, 0.625000,
0.102287, -0.999752, 0.005651, 0.998064, 0.002441, 0.062145, 0.002480, -0.999997, -0.000563, -0.062144, -0.000716, 0.998067, 0.625000, 0.500000,
0.099806, 0.000245, 0.006214, 0.998064, 0.002441, 0.062145, 0.002480, -0.999997, -0.000563, -0.062144, -0.000716, 0.998067, 0.500000, 0.500000,
0.221613, 1.001673, -1.989356, 0.999922, 0.002473, 0.012226, 0.002480, -0.999997, -0.000563, -0.012225, -0.000593, 0.999925, 0.375000, 1.000000,
0.190541, 1.001315, -1.490323, 0.998064, 0.002441, 0.062145, 0.002480, -0.999997, -0.000563, -0.062144, -0.000716, 0.998067, 0.375000, 0.875000,
0.219133, 2.001670, -1.988793, 0.999922, 0.002473, 0.012226, 0.002480, -0.999997, -0.000563, -0.012225, -0.000593, 0.999925, 0.250000, 1.000000,
0.188061, 2.001312, -1.489760, 0.998064, 0.002441, 0.062145, 0.002480, -0.999997, -0.000563, -0.062144, -0.000716, 0.998067, 0.250000, 0.875000,
0.159470, 1.000957, -0.991289, 0.998064, 0.002441, 0.062145, 0.002480, -0.999997, -0.000563, -0.062143, -0.000716, 0.998067, 0.375000, 0.750000,
0.156989, 2.000954, -0.990726, 0.998064, 0.002441, 0.062145, 0.002480, -0.999997, -0.000563, -0.062144, -0.000716, 0.998067, 0.250000, 0.750000,
0.216652, 3.001667, -1.988230, 0.999922, 0.002473, 0.012226, 0.002480, -0.999997, -0.000563, -0.012225, -0.000593, 0.999925, 0.125000, 1.000000,
0.185581, 3.001309, -1.489197, 0.998064, 0.002441, 0.062145, 0.002480, -0.999997, -0.000563, -0.062143, -0.000716, 0.998067, 0.125000, 0.875000,
0.214172, 4.001663, -1.987667, 0.999813, 0.014956, 0.012232, 0.014963, -0.999888, -0.000410, -0.012234, 0.000031, 0.999925, 0.000000, 1.000000,
0.183100, 4.001306, -1.488633, 0.997690, 0.027432, 0.062140, 0.027422, -0.999623, 0.001005, -0.062144, -0.000716, 0.998067, 0.000000, 0.875000,
0.154509, 3.000951, -0.990163, 0.998064, 0.002441, 0.062145, 0.002480, -0.999997, -0.000563, -0.062144, -0.000716, 0.998067, 0.125000, 0.750000,
0.152028, 4.000947, -0.989600, 0.997690, 0.027432, 0.062140, 0.027422, -0.999623, 0.000979, -0.062144, -0.000716, 0.998067, 0.000000, 0.750000,
0.128398, 1.000599, -0.492256, 0.998064, 0.002441, 0.062145, 0.002480, -0.999997, -0.000563, -0.062143, -0.000716, 0.998067, 0.375000, 0.625000,
0.125917, 2.000596, -0.491693, 0.998064, 0.002441, 0.062145, 0.002480, -0.999997, -0.000563, -0.062144, -0.000716, 0.998067, 0.250000, 0.625000,
0.097326, 1.000242, 0.006777, 0.998064, 0.002441, 0.062145, 0.002480, -0.999997, -0.000563, -0.062143, -0.000716, 0.998067, 0.375000, 0.500000,
0.094846, 2.000238, 0.007341, 0.998064, 0.002441, 0.062145, 0.002480, -0.999997, -0.000563, -0.062143, -0.000716, 0.998067, 0.250000, 0.500000,
0.123437, 3.000593, -0.491130, 0.998064, 0.002441, 0.062145, 0.002480, -0.999997, -0.000563, -0.062143, -0.000716, 0.998067, 0.125000, 0.625000,
0.120957, 4.000590, -0.490567, 0.997690, 0.027432, 0.062140, 0.027421, -0.999623, 0.001010, -0.062143, -0.000716, 0.998067, -0.000000, 0.625000,
0.092365, 3.000235, 0.007904, 0.998064, 0.002441, 0.062145, 0.002480, -0.999997, -0.000563, -0.062143, -0.000716, 0.998067, 0.125000, 0.500000,
0.089885, 4.000232, 0.008467, 0.997690, 0.027432, 0.062140, 0.027424, -0.999623, 0.000995, -0.062144, -0.000716, 0.998067, -0.000000, 0.500000,
0.078656, -4.000100, 0.502995, 0.997814, -0.022552, 0.062112, -0.022463, -0.999745, -0.002138, -0.062144, -0.000716, 0.998067, 1.000000, 0.375000,
0.076176, -3.000103, 0.503559, 0.998064, 0.002441, 0.062145, 0.002480, -0.999997, -0.000563, -0.062144, -0.000716, 0.998067, 0.875000, 0.375000,
0.073695, -2.000107, 0.504122, 0.998064, 0.002441, 0.062145, 0.002480, -0.999997, -0.000563, -0.062143, -0.000716, 0.998067, 0.750000, 0.375000,
0.047585, -4.000458, 1.002029, 0.997814, -0.022552, 0.062112, -0.022463, -0.999745, -0.002138, -0.062143, -0.000716, 0.998067, 1.000000, 0.250000,
0.045104, -3.000461, 1.002592, 0.998064, 0.002441, 0.062145, 0.002480, -0.999997, -0.000563, -0.062143, -0.000716, 0.998067, 0.875000, 0.250000,
0.042624, -2.000465, 1.003155, 0.998064, 0.002441, 0.062145, 0.002480, -0.999997, -0.000563, -0.062143, -0.000716, 0.998067, 0.750000, 0.250000,
0.071215, -1.000110, 0.504685, 0.998064, 0.002441, 0.062145, 0.002480, -0.999997, -0.000563, -0.062143, -0.000716, 0.998067, 0.625000, 0.375000,
0.068735, -0.000113, 0.505248, 0.998064, 0.002441, 0.062145, 0.002480, -0.999997, -0.000563, -0.062143, -0.000716, 0.998067, 0.500000, 0.375000,
0.040143, -1.000468, 1.003718, 0.998064, 0.002441, 0.062145, 0.002480, -0.999997, -0.000563, -0.062144, -0.000716, 0.998067, 0.625000, 0.250000,
0.037663, -0.000471, 1.004281, 0.998064, 0.002441, 0.062145, 0.002480, -0.999997, -0.000563, -0.062144, -0.000716, 0.998067, 0.500000, 0.250000,
0.016513, -4.000816, 1.501063, 0.997814, -0.022552, 0.062112, -0.022465, -0.999745, -0.002107, -0.062144, -0.000716, 0.998067, 1.000000, 0.125000,
0.014032, -3.000819, 1.501626, 0.998064, 0.002441, 0.062145, 0.002480, -0.999997, -0.000563, -0.062144, -0.000716, 0.998067, 0.875000, 0.125000,
0.011552, -2.000823, 1.502189, 0.998064, 0.002441, 0.062145, 0.002480, -0.999997, -0.000563, -0.062144, -0.000716, 0.998067, 0.750000, 0.125000,
-0.014559, -4.001174, 2.000096, 0.993669, -0.010082, 0.111893, -0.009925, -0.999949, -0.001960, -0.111901, -0.000213, 0.993719, 1.000000, 0.000000,
-0.017039, -3.001177, 2.000659, 0.993716, 0.002402, 0.111909, 0.002480, -0.999997, -0.000563, -0.111907, -0.000837, 0.993718, 0.875000, 0.000000,
-0.019520, -2.001180, 2.001222, 0.993716, 0.002402, 0.111909, 0.002480, -0.999997, -0.000563, -0.111907, -0.000837, 0.993718, 0.750000, 0.000000,
0.009072, -1.000826, 1.502752, 0.998064, 0.002441, 0.062145, 0.002480, -0.999997, -0.000563, -0.062144, -0.000716, 0.998067, 0.625000, 0.125000,
0.006591, -0.000829, 1.503315, 0.998064, 0.002441, 0.062145, 0.002480, -0.999997, -0.000563, -0.062144, -0.000716, 0.998067, 0.500000, 0.125000,
-0.022000, -1.001184, 2.001785, 0.993716, 0.002402, 0.111908, 0.002480, -0.999997, -0.000563, -0.111907, -0.000837, 0.993718, 0.625000, 0.000000,
-0.024481, -0.001187, 2.002348, 0.993716, 0.002402, 0.111908, 0.002480, -0.999997, -0.000563, -0.111907, -0.000837, 0.993718, 0.500000, 0.000000,
0.066254, 0.999884, 0.505811, 0.998064, 0.002441, 0.062145, 0.002480, -0.999997, -0.000563, -0.062144, -0.000716, 0.998067, 0.375000, 0.375000,
0.063774, 1.999880, 0.506374, 0.998064, 0.002441, 0.062145, 0.002480, -0.999997, -0.000563, -0.062144, -0.000716, 0.998067, 0.250000, 0.375000,
0.035183, 0.999526, 1.004844, 0.998064, 0.002441, 0.062145, 0.002480, -0.999997, -0.000563, -0.062144, -0.000716, 0.998067, 0.375000, 0.250000,
0.032702, 1.999522, 1.005407, 0.998064, 0.002441, 0.062145, 0.002480, -0.999997, -0.000563, -0.062144, -0.000716, 0.998067, 0.250000, 0.250000,
0.061293, 2.999877, 0.506937, 0.998064, 0.002441, 0.062145, 0.002480, -0.999997, -0.000563, -0.062144, -0.000716, 0.998067, 0.125000, 0.375000,
0.058813, 3.999874, 0.507500, 0.997690, 0.027432, 0.062140, 0.027423, -0.999623, 0.000967, -0.062144, -0.000716, 0.998067, -0.000000, 0.375000,
0.030222, 2.999519, 1.005970, 0.998064, 0.002441, 0.062145, 0.002480, -0.999997, -0.000563, -0.062143, -0.000716, 0.998067, 0.125000, 0.250000,
0.027741, 3.999516, 1.006534, 0.997690, 0.027432, 0.062140, 0.027422, -0.999623, 0.001006, -0.062143, -0.000716, 0.998067, -0.000000, 0.250000,
0.004111, 0.999168, 1.503878, 0.998064, 0.002441, 0.062145, 0.002480, -0.999997, -0.000563, -0.062143, -0.000716, 0.998067, 0.375000, 0.125000,
0.001630, 1.999164, 1.504441, 0.998064, 0.002441, 0.062145, 0.002480, -0.999997, -0.000563, -0.062143, -0.000716, 0.998067, 0.250000, 0.125000,
-0.026961, 0.998810, 2.002911, 0.993716, 0.002402, 0.111908, 0.002480, -0.999997, -0.000563, -0.111907, -0.000837, 0.993718, 0.375000, 0.000000,
-0.029441, 1.998807, 2.003474, 0.993716, 0.002402, 0.111909, 0.002480, -0.999997, -0.000563, -0.111907, -0.000837, 0.993718, 0.250000, 0.000000,
-0.000850, 2.999161, 1.505004, 0.998064, 0.002441, 0.062145, 0.002480, -0.999997, -0.000563, -0.062143, -0.000716, 0.998067, 0.125000, 0.125000,
-0.003330, 3.999158, 1.505567, 0.997690, 0.027432, 0.062140, 0.027427, -0.999623, 0.000957, -0.062143, -0.000716, 0.998067, -0.000000, 0.125000,
-0.031922, 2.998803, 2.004037, 0.993716, 0.002402, 0.111909, 0.002480, -0.999997, -0.000563, -0.111907, -0.000837, 0.993718, 0.125000, 0.000000,
-0.034402, 3.998800, 2.004600, 0.992355, 0.052274, 0.111798, 0.052040, -0.998632, 0.005019, -0.111777, -0.003328, 0.993728, 0.000000, 0.000000,
-0.202943, 3.998668, 1.493138, -0.997814, 0.022552, -0.062112, -0.062143, -0.000716, 0.998067, -0.022464, -0.999745, -0.002116, 0.875000, 1.000000,
-0.234015, 3.998310, 1.992172, -0.999047, 0.022369, 0.037478, 0.037421, -0.002956, 0.999295, -0.022371, -0.999750, 0.000369, 1.000000, 1.000000,
-0.231534, 2.998314, 1.991609, -0.999922, -0.002473, -0.012226, -0.012225, -0.000593, 0.999925, 0.002480, -0.999997, -0.000563, 1.000000, 0.875000,
-0.200463, 2.998672, 1.492575, -0.998064, -0.002441, -0.062145, -0.062144, -0.000716, 0.998067, 0.002480, -0.999997, -0.000563, 0.875000, 0.875000,
-0.171871, 3.999026, 0.994105, -0.997814, 0.022552, -0.062112, -0.062144, -0.000716, 0.998067, -0.022464, -0.999745, -0.002116, 0.750000, 1.000000,
-0.169391, 2.999029, 0.993542, -0.998064, -0.002441, -0.062145, -0.062144, -0.000716, 0.998067, 0.002480, -0.999997, -0.000563, 0.750000, 0.875000,
-0.229054, 1.998317, 1.991046, -0.999922, -0.002473, -0.012226, -0.012225, -0.000593, 0.999925, 0.002480, -0.999997, -0.000563, 1.000000, 0.750000,
-0.197982, 1.998675, 1.492012, -0.998064, -0.002441, -0.062145, -0.062143, -0.000716, 0.998067, 0.002480, -0.999997, -0.000563, 0.875000, 0.750000,
-0.166911, 1.999033, 0.992979, -0.998064, -0.002441, -0.062145, -0.062144, -0.000716, 0.998067, 0.002480, -0.999997, -0.000563, 0.750000, 0.750000,
-0.140799, 3.999384, 0.495071, -0.997814, 0.022552, -0.062112, -0.062143, -0.000715, 0.998067, -0.022464, -0.999745, -0.002116, 0.625000, 1.000000,
-0.138319, 2.999387, 0.494508, -0.998064, -0.002441, -0.062145, -0.062143, -0.000716, 0.998067, 0.002480, -0.999997, -0.000563, 0.625000, 0.875000,
-0.109728, 3.999742, -0.003962, -0.997814, 0.022552, -0.062111, -0.062143, -0.000716, 0.998067, -0.022464, -0.999745, -0.002116, 0.500000, 1.000000,
-0.107247, 2.999745, -0.004525, -0.998064, -0.002441, -0.062145, -0.062144, -0.000716, 0.998067, 0.002480, -0.999997, -0.000563, 0.500000, 0.875000,
-0.135839, 1.999391, 0.493945, -0.998064, -0.002441, -0.062145, -0.062144, -0.000716, 0.998067, 0.002480, -0.999997, -0.000563, 0.625000, 0.750000,
-0.104767, 1.999748, -0.005088, -0.998064, -0.002441, -0.062145, -0.062143, -0.000716, 0.998067, 0.002480, -0.999997, -0.000563, 0.500000, 0.750000,
-0.226574, 0.998321, 1.990483, -0.999922, -0.002473, -0.012226, -0.012225, -0.000593, 0.999925, 0.002480, -0.999997, -0.000563, 1.000000, 0.625000,
-0.195502, 0.998679, 1.491449, -0.998064, -0.002441, -0.062145, -0.062143, -0.000716, 0.998067, 0.002480, -0.999997, -0.000563, 0.875000, 0.625000,
-0.164430, 0.999036, 0.992416, -0.998064, -0.002441, -0.062145, -0.062144, -0.000715, 0.998067, 0.002480, -0.999997, -0.000563, 0.750000, 0.625000,
-0.224093, -0.001676, 1.989920, -0.999922, -0.002473, -0.012226, -0.012225, -0.000593, 0.999925, 0.002480, -0.999997, -0.000563, 1.000000, 0.500000,
-0.193022, -0.001318, 1.490886, -0.998064, -0.002441, -0.062145, -0.062143, -0.000715, 0.998067, 0.002480, -0.999997, -0.000563, 0.875000, 0.500000,
-0.161950, -0.000960, 0.991853, -0.998064, -0.002441, -0.062145, -0.062143, -0.000715, 0.998067, 0.002480, -0.999997, -0.000563, 0.750000, 0.500000,
-0.133359, 0.999394, 0.493382, -0.998064, -0.002441, -0.062145, -0.062143, -0.000716, 0.998067, 0.002480, -0.999997, -0.000563, 0.625000, 0.625000,
-0.102287, 0.999752, -0.005651, -0.998064, -0.002441, -0.062145, -0.062143, -0.000716, 0.998067, 0.002480, -0.999997, -0.000563, 0.500000, 0.625000,
-0.130878, -0.000603, 0.492819, -0.998064, -0.002441, -0.062145, -0.062143, -0.000715, 0.998067, 0.002480, -0.999997, -0.000563, 0.625000, 0.500000,
-0.099806, -0.000245, -0.006214, -0.998064, -0.002441, -0.062145, -0.062143, -0.000716, 0.998067, 0.002480, -0.999997, -0.000563, 0.500000, 0.500000,
-0.078656, 4.000100, -0.502996, -0.997814, 0.022552, -0.062112, -0.062143, -0.000716, 0.998067, -0.022464, -0.999745, -0.002116, 0.375000, 1.000000,
-0.076176, 3.000103, -0.503559, -0.998064, -0.002441, -0.062145, -0.062143, -0.000716, 0.998067, 0.002480, -0.999997, -0.000563, 0.375000, 0.875000,
-0.047584, 4.000457, -1.002029, -0.997814, 0.022552, -0.062112, -0.062143, -0.000715, 0.998067, -0.022464, -0.999745, -0.002116, 0.250000, 1.000000,
-0.045104, 3.000461, -1.002592, -0.998064, -0.002441, -0.062145, -0.062143, -0.000716, 0.998067, 0.002480, -0.999997, -0.000563, 0.250000, 0.875000,
-0.073695, 2.000106, -0.504122, -0.998064, -0.002441, -0.062145, -0.062143, -0.000716, 0.998067, 0.002480, -0.999997, -0.000563, 0.375000, 0.750000,
-0.042624, 2.000464, -1.003155, -0.998064, -0.002441, -0.062145, -0.062143, -0.000715, 0.998067, 0.002480, -0.999997, -0.000563, 0.250000, 0.750000,
-0.016513, 4.000815, -1.501063, -0.997814, 0.022552, -0.062112, -0.062143, -0.000716, 0.998067, -0.022464, -0.999745, -0.002116, 0.125000, 1.000000,
-0.014032, 3.000818, -1.501626, -0.998064, -0.002441, -0.062145, -0.062143, -0.000716, 0.998067, 0.002480, -0.999997, -0.000563, 0.125000, 0.875000,
0.014559, 4.001173, -2.000096, -0.995950, 0.022563, -0.087028, -0.087054, -0.000152, 0.996204, -0.022410, -0.999745, -0.002738, 0.000000, 1.000000,
0.017039, 3.001176, -2.000659, -0.993716, -0.002402, -0.111909, -0.111907, -0.000899, 0.993718, 0.002480, -0.999997, -0.000563, -0.000000, 0.875000,
-0.011552, 2.000822, -1.502189, -0.998064, -0.002441, -0.062145, -0.062143, -0.000716, 0.998067, 0.002480, -0.999997, -0.000563, 0.125000, 0.750000,
0.019520, 2.001180, -2.001222, -0.993716, -0.002402, -0.111909, -0.111908, -0.000926, 0.993718, 0.002480, -0.999997, -0.000563, -0.000000, 0.750000,
-0.071215, 1.000110, -0.504685, -0.998064, -0.002441, -0.062145, -0.062143, -0.000716, 0.998067, 0.002480, -0.999997, -0.000563, 0.375000, 0.625000,
-0.040143, 1.000467, -1.003718, -0.998064, -0.002441, -0.062145, -0.062143, -0.000715, 0.998067, 0.002480, -0.999997, -0.000563, 0.250000, 0.625000,
-0.068735, 0.000113, -0.505248, -0.998064, -0.002441, -0.062145, -0.062143, -0.000715, 0.998067, 0.002480, -0.999997, -0.000563, 0.375000, 0.500000,
-0.037663, 0.000471, -1.004281, -0.998064, -0.002441, -0.062145, -0.062143, -0.000715, 0.998067, 0.002480, -0.999997, -0.000563, 0.250000, 0.500000,
-0.009072, 1.000825, -1.502752, -0.998064, -0.002441, -0.062145, -0.062143, -0.000716, 0.998067, 0.002480, -0.999997, -0.000563, 0.125000, 0.625000,
0.022000, 1.001183, -2.001785, -0.993716, -0.002402, -0.111909, -0.111908, -0.000926, 0.993718, 0.002480, -0.999997, -0.000563, -0.000000, 0.625000,
-0.006591, 0.000828, -1.503315, -0.998064, -0.002441, -0.062145, -0.062143, -0.000716, 0.998067, 0.002480, -0.999997, -0.000563, 0.125000, 0.500000,
0.024480, 0.001186, -2.002348, -0.993716, -0.002402, -0.111908, -0.111907, -0.000925, 0.993718, 0.002480, -0.999997, -0.000563, -0.000000, 0.500000,
-0.221613, -1.001672, 1.989357, -0.999922, -0.002473, -0.012226, -0.012225, -0.000593, 0.999925, 0.002480, -0.999997, -0.000563, 1.000000, 0.375000,
-0.190541, -1.001315, 1.490323, -0.998064, -0.002441, -0.062145, -0.062143, -0.000715, 0.998067, 0.002480, -0.999997, -0.000563, 0.875000, 0.375000,
-0.159470, -1.000957, 0.991290, -0.998064, -0.002441, -0.062145, -0.062143, -0.000715, 0.998067, 0.002480, -0.999997, -0.000563, 0.750000, 0.375000,
-0.219133, -2.001669, 1.988794, -0.999922, -0.002473, -0.012226, -0.012225, -0.000593, 0.999925, 0.002480, -0.999997, -0.000563, 1.000000, 0.250000,
-0.188061, -2.001311, 1.489760, -0.998064, -0.002441, -0.062145, -0.062143, -0.000715, 0.998067, 0.002480, -0.999997, -0.000563, 0.875000, 0.250000,
-0.156989, -2.000953, 0.990727, -0.998064, -0.002441, -0.062145, -0.062143, -0.000715, 0.998067, 0.002480, -0.999997, -0.000563, 0.750000, 0.250000,
-0.128398, -1.000599, 0.492256, -0.998064, -0.002441, -0.062145, -0.062143, -0.000715, 0.998067, 0.002480, -0.999997, -0.000563, 0.625000, 0.375000,
-0.097326, -1.000241, -0.006777, -0.998064, -0.002441, -0.062145, -0.062143, -0.000716, 0.998067, 0.002480, -0.999997, -0.000563, 0.500000, 0.375000,
-0.125917, -2.000596, 0.491693, -0.998064, -0.002441, -0.062145, -0.062143, -0.000715, 0.998067, 0.002480, -0.999997, -0.000563, 0.625000, 0.250000,
-0.094846, -2.000238, -0.007340, -0.998064, -0.002441, -0.062145, -0.062143, -0.000715, 0.998067, 0.002480, -0.999997, -0.000563, 0.500000, 0.250000,
-0.216652, -3.001665, 1.988230, -0.999922, -0.002473, -0.012226, -0.012225, -0.000592, 0.999925, 0.002480, -0.999997, -0.000563, 1.000000, 0.125000,
-0.185581, -3.001307, 1.489197, -0.998064, -0.002441, -0.062145, -0.062143, -0.000715, 0.998067, 0.002480, -0.999997, -0.000563, 0.875000, 0.125000,
-0.154509, -3.000950, 0.990164, -0.998064, -0.002441, -0.062145, -0.062143, -0.000715, 0.998067, 0.002480, -0.999997, -0.000563, 0.750000, 0.125000,
-0.214172, -4.001662, 1.987668, -0.998932, -0.027441, -0.037184, -0.037197, -0.000030, 0.999308, 0.027447, -0.999623, 0.000366, 1.000000, 0.000000,
-0.183100, -4.001304, 1.488634, -0.997690, -0.027432, -0.062140, -0.062143, -0.000715, 0.998067, 0.027424, -0.999623, 0.000990, 0.875000, 0.000000,
-0.152028, -4.000947, 0.989601, -0.997690, -0.027432, -0.062140, -0.062143, -0.000715, 0.998067, 0.027424, -0.999623, 0.000990, 0.750000, 0.000000,
-0.123437, -3.000592, 0.491130, -0.998064, -0.002441, -0.062145, -0.062143, -0.000715, 0.998067, 0.002480, -0.999997, -0.000563, 0.625000, 0.125000,
-0.092365, -3.000235, -0.007903, -0.998064, -0.002441, -0.062145, -0.062143, -0.000715, 0.998067, 0.002480, -0.999997, -0.000563, 0.500000, 0.125000,
-0.120957, -4.000589, 0.490567, -0.997690, -0.027432, -0.062140, -0.062143, -0.000715, 0.998067, 0.027423, -0.999623, 0.000990, 0.625000, 0.000000,
-0.089885, -4.000231, -0.008466, -0.997690, -0.027432, -0.062139, -0.062143, -0.000715, 0.998067, 0.027423, -0.999623, 0.000990, 0.500000, 0.000000,
-0.066254, -0.999884, -0.505811, -0.998064, -0.002441, -0.062145, -0.062143, -0.000715, 0.998067, 0.002480, -0.999997, -0.000563, 0.375000, 0.375000,
-0.035183, -0.999526, -1.004844, -0.998064, -0.002441, -0.062145, -0.062143, -0.000715, 0.998067, 0.002480, -0.999997, -0.000563, 0.250000, 0.375000,
-0.063774, -1.999880, -0.506374, -0.998064, -0.002441, -0.062145, -0.062143, -0.000715, 0.998067, 0.002480, -0.999997, -0.000563, 0.375000, 0.250000,
-0.032702, -1.999523, -1.005407, -0.998064, -0.002441, -0.062145, -0.062143, -0.000715, 0.998067, 0.002480, -0.999997, -0.000563, 0.250000, 0.250000,
-0.004111, -0.999168, -1.503878, -0.998064, -0.002441, -0.062145, -0.062143, -0.000715, 0.998067, 0.002480, -0.999997, -0.000563, 0.125000, 0.375000,
0.026961, -0.998811, -2.002911, -0.993716, -0.002402, -0.111909, -0.111907, -0.000912, 0.993718, 0.002480, -0.999997, -0.000563, -0.000000, 0.375000,
-0.001631, -1.999165, -1.504441, -0.998064, -0.002440, -0.062145, -0.062143, -0.000715, 0.998067, 0.002480, -0.999997, -0.000563, 0.125000, 0.250000,
0.029441, -1.998807, -2.003474, -0.993716, -0.002402, -0.111909, -0.111908, -0.000912, 0.993718, 0.002480, -0.999997, -0.000563, 0.000000, 0.250000,
-0.061294, -2.999877, -0.506937, -0.998064, -0.002440, -0.062145, -0.062143, -0.000715, 0.998067, 0.002480, -0.999997, -0.000563, 0.375000, 0.125000,
-0.030222, -2.999519, -1.005970, -0.998064, -0.002441, -0.062145, -0.062143, -0.000715, 0.998067, 0.002480, -0.999997, -0.000563, 0.250000, 0.125000,
-0.058813, -3.999874, -0.507500, -0.997690, -0.027432, -0.062139, -0.062143, -0.000715, 0.998067, 0.027423, -0.999623, 0.000991, 0.375000, 0.000000,
-0.027742, -3.999516, -1.006533, -0.997690, -0.027432, -0.062140, -0.062143, -0.000715, 0.998067, 0.027424, -0.999623, 0.000990, 0.250000, 0.000000,
0.000850, -2.999162, -1.505004, -0.998064, -0.002441, -0.062145, -0.062143, -0.000715, 0.998067, 0.002480, -0.999997, -0.000563, 0.125000, 0.125000,
0.031921, -2.998804, -2.004037, -0.993716, -0.002402, -0.111909, -0.111907, -0.000980, 0.993718, 0.002480, -0.999997, -0.000563, 0.000000, 0.125000,
0.003330, -3.999158, -1.505567, -0.997690, -0.027432, -0.062140, -0.062143, -0.000715, 0.998067, 0.027424, -0.999623, 0.000990, 0.125000, 0.000000,
0.034402, -3.998801, -2.004600, -0.986561, -0.027225, -0.161112, -0.163226, 0.119260, 0.979354, 0.027023, -0.999629, 0.003445, 0.000000, 0.000000,
0.039511, 4.001234, -1.998542, 0.054473, 0.447852, -0.892447, -0.998064, -0.002450, -0.062149, 0.030010, -0.894104, -0.446852, 0.875000, 1.000000,
0.014559, 4.001173, -2.000096, -0.995950, 0.022563, -0.087028, -0.077414, -0.707421, 0.702540, -0.022410, -0.999745, -0.002738, 1.000000, 1.000000,
0.017039, 3.001176, -2.000659, -0.993716, -0.002402, -0.111909, -0.111907, -0.000899, 0.993718, 0.002480, -0.999997, -0.000563, 1.000000, 0.875000,
0.041991, 3.001238, -1.999106, 0.062149, 0.000716, -0.998067, -0.998064, -0.002452, -0.062150, 0.002480, -0.999997, -0.000563, 0.875000, 0.875000,
0.064462, 4.001296, -1.996989, 0.054470, 0.447853, -0.892447, -0.998064, -0.002457, -0.062149, 0.030008, -0.894104, -0.446853, 0.750000, 1.000000,
0.066943, 3.001299, -1.997552, 0.062146, 0.000716, -0.998067, -0.998064, -0.002452, -0.062148, 0.002480, -0.999997, -0.000563, 0.750000, 0.875000,
0.019520, 2.001180, -2.001222, -0.993716, -0.002402, -0.111909, -0.111908, -0.000926, 0.993718, 0.002480, -0.999997, -0.000563, 1.000000, 0.750000,
0.044471, 2.001241, -1.999669, 0.062146, 0.000716, -0.998067, -0.998064, -0.002451, -0.062148, 0.002480, -0.999997, -0.000563, 0.875000, 0.750000,
0.069423, 2.001302, -1.998115, 0.062145, 0.000716, -0.998067, -0.998064, -0.002451, -0.062147, 0.002480, -0.999997, -0.000563, 0.750000, 0.750000,
0.089414, 4.001357, -1.995435, 0.054468, 0.447853, -0.892447, -0.998064, -0.002453, -0.062146, 0.030007, -0.894104, -0.446853, 0.625000, 1.000000,
0.091894, 3.001360, -1.995998, 0.062145, 0.000716, -0.998067, -0.998064, -0.002450, -0.062146, 0.002480, -0.999997, -0.000563, 0.625000, 0.875000,
0.114365, 4.001418, -1.993881, 0.054471, 0.447853, -0.892447, -0.998064, -0.002448, -0.062146, 0.030009, -0.894104, -0.446853, 0.500000, 1.000000,
0.116846, 3.001421, -1.994445, 0.062144, 0.000716, -0.998067, -0.998064, -0.002452, -0.062145, 0.002480, -0.999997, -0.000563, 0.500000, 0.875000,
0.094375, 2.001364, -1.996561, 0.062142, 0.000716, -0.998067, -0.998064, -0.002452, -0.062144, 0.002480, -0.999997, -0.000563, 0.625000, 0.750000,
0.119326, 2.001425, -1.995008, 0.062142, 0.000716, -0.998067, -0.998064, -0.002451, -0.062144, 0.002480, -0.999997, -0.000563, 0.500000, 0.750000,
0.022000, 1.001183, -2.001785, -0.993716, -0.002402, -0.111909, -0.111908, -0.000926, 0.993718, 0.002480, -0.999997, -0.000563, 1.000000, 0.625000,
0.046952, 1.001244, -2.000232, 0.062144, 0.000716, -0.998067, -0.998064, -0.002451, -0.062145, 0.002480, -0.999997, -0.000563, 0.875000, 0.625000,
0.071903, 1.001305, -1.998678, 0.062144, 0.000716, -0.998067, -0.998064, -0.002452, -0.062146, 0.002480, -0.999997, -0.000563, 0.750000, 0.625000,
0.024480, 0.001186, -2.002348, -0.993716, -0.002402, -0.111908, -0.111907, -0.000925, 0.993718, 0.002480, -0.999997, -0.000563, 1.000000, 0.500000,
0.049432, 0.001247, -2.000795, 0.062143, 0.000716, -0.998067, -0.998064, -0.002451, -0.062145, 0.002480, -0.999997, -0.000563, 0.875000, 0.500000,
0.074384, 0.001309, -1.999241, 0.062141, 0.000716, -0.998067, -0.998064, -0.002453, -0.062143, 0.002480, -0.999997, -0.000563, 0.750000, 0.500000,
0.096855, 1.001367, -1.997124, 0.062140, 0.000716, -0.998067, -0.998064, -0.002453, -0.062141, 0.002480, -0.999997, -0.000563, 0.625000, 0.625000,
0.121807, 1.001428, -1.995571, 0.062142, 0.000716, -0.998067, -0.998064, -0.002451, -0.062144, 0.002480, -0.999997, -0.000563, 0.500000, 0.625000,
0.099335, 0.001370, -1.997687, 0.062140, 0.000716, -0.998067, -0.998064, -0.002452, -0.062141, 0.002480, -0.999997, -0.000563, 0.625000, 0.500000,
0.124287, 0.001431, -1.996134, 0.062141, 0.000716, -0.998067, -0.998064, -0.002453, -0.062142, 0.002480, -0.999997, -0.000563, 0.500000, 0.500000,
0.139317, 4.001480, -1.992328, 0.054468, 0.447853, -0.892447, -0.998064, -0.002453, -0.062146, 0.030007, -0.894104, -0.446853, 0.375000, 1.000000,
0.141797, 3.001483, -1.992891, 0.062145, 0.000716, -0.998067, -0.998064, -0.002452, -0.062146, 0.002480, -0.999997, -0.000563, 0.375000, 0.875000,
0.164269, 4.001541, -1.990774, 0.054471, 0.447853, -0.892447, -0.998064, -0.002450, -0.062147, 0.030009, -0.894104, -0.446853, 0.250000, 1.000000,
0.166749, 3.001544, -1.991337, 0.062148, 0.000716, -0.998067, -0.998064, -0.002454, -0.062149, 0.002480, -0.999997, -0.000563, 0.250000, 0.875000,
